100 14930 -112.84583333333333 75.1875 7757982599.0917549
99.9 13963 37.687500000000028 31.279166666666669 7750231387.7363157
99.8 13564 38.604166666666657 25.004166666666663 7742530472.7277479
99.7 13446 35.262499999999989 25.845833333333331 7734713050.2197227
99.6 13194 31.862499999999983 26.287500000000001 7726958938.0344315
99.5 12752 -32.929166666666674 74.3125 7719200424.2591801
99.4 12503 23.504166666666663 27.8125 7711439964.1989861
99.3 12087 19.512500000000017 26.337499999999999 7703679444.4918213
99.2 11906 16.6875 26.929166666666667 7695942291.9743519
99.1 11744 17.54583333333332 29.887499999999996 7688179274.2050209
99 11638 16.479166666666686 30.204166666666666 7680420187.2906532
98.9 11577 16.612500000000011 29.99583333333333 7672780671.7794495
98.8 11430 18.320833333333326 36.270833333333329 7664953476.3322649
98.7 11360 18.90416666666664 37.087500000000006 7657226946.4400225
98.6 11324 18.637499999999989 36.545833333333334 7649534977.811821
98.5 11280 17.395833333333343 35.212499999999999 7641734444.8301697
98.4 11235 17.170833333333348 37.070833333333333 7633898069.089366
98.3 11188 17.112500000000011 36.487499999999997 7626098002.6091137
98.2 11166 16.904166666666669 37.237499999999997 7618928496.2414989
98.1 11138 16.5625 36.462500000000006 7610648156.9877863
98 11114 16.42083333333332 36.345833333333331 7602876157.0470371
97.9 11096 16.220833333333331 36.379166666666663 7595071577.0561819
97.8 11084 16.137500000000017 36.345833333333331 7587998143.7640228
97.7 11075 15.987499999999983 36.42916666666666 7579892596.9403944
97.6 11057 18.495833333333309 41.320833333333333 7571912590.8241749
97.5 11012 18.120833333333337 41.629166666666663 7564168383.4813232
97.4 10974 18.454166666666652 42.512500000000003 7556443323.753356
97.3 10942 18.812499999999972 43.012499999999996 7548576133.2858362
97.2 10918 18.854166666666686 42.920833333333334 7540960346.4528542
97.1 10895 19.237500000000011 42.870833333333337 7533170331.0637045
97 10873 19.612499999999983 43.354166666666664 7525475088.2131634
96.9 10844 22.262499999999989 48.137500000000003 7517630022.3437233
96.8 10809 24.445833333333326 50.537500000000001 7509874985.2358513
96.7 10773 23.404166666666669 50.354166666666664 7501990028.9057884
96.6 10730 23.6875 49.854166666666664 7494367158.8703547
96.5 10704 23.370833333333337 49.920833333333334 7486506689.5320454
96.4 10675 22.837500000000006 49.929166666666667 7478988636.8225269
96.3 10652 23.029166666666669 49.370833333333337 7471368697.8919449
96.2 10634 22.762499999999989 49.362500000000004 7463342665.4490566
96.1 10621 22.862500000000011 49.512500000000003 7456066783.1172695
96 10607 22.04583333333332 49.587499999999999 7447867818.2505884
95.9 10583 21.870833333333337 49.395833333333336 7439981997.4184542
95.8 10568 21.862499999999983 49.512500000000003 7432731343.7686529
95.7 10552 21.362499999999983 49.429166666666667 7424751325.8935871
95.6 10537 21.337500000000006 49.545833333333334 7416916258.0605907
95.5 10524 20.879166666666691 49.445833333333333 7409245184.0934219
95.4 10507 31.129166666666691 59.69583333333334 7401187793.806881
95.3 10469 30.204166666666652 59.504166666666663 7393449345.6142483
95.2 10437 29.854166666666686 59.520833333333329 7385608880.3398819
95.1 10406 29.204166666666652 59.25416666666667 7377858201.3984947
95 10387 28.845833333333331 59.229166666666664 7370498882.382699
94.9 10370 29.095833333333331 59.045833333333334 7362364198.961525
94.8 10355 29.07916666666668 58.920833333333334 7354970253.868763
94.7 10340 30.337499999999977 61.137500000000003 7347184206.0673513
94.6 10322 31.712500000000006 62.212499999999999 7339339519.5896149
94.5 10299 31.737500000000011 61.9375 7331345127.4729385
94.4 10279 32.229166666666657 61.529166666666669 7323633725.1051083
94.3 10261 31.945833333333354 61.445833333333333 7315908705.9169292
94.2 10246 32.879166666666663 62.404166666666669 7308246792.7111273
94.1 10231 36.445833333333326 65.054166666666674 7300270758.5041847
94 10210 36.245833333333337 64.945833333333326 7292723310.7104425
93.9 10194 36.629166666666663 65.270833333333329 7285271568.0550756
93.8 10177 35.287499999999994 64.637500000000003 7277138566.7568264
93.7 10161 35.537499999999994 64.895833333333343 7269380909.7609863
93.6 10151 35.412499999999966 64.820833333333326 7261928966.1292095
93.5 10140 35.929166666666674 64.820833333333326 7254159496.7580376
93.4 10131 35.762499999999989 64.762500000000003 7246839908.6985693
93.3 10098 12.287499999999994 50.787500000000001 7238413373.2858229
93.2 10077 12.029166666666669 50.737499999999997 7230811167.1777811
93.1 10060 12.895833333333314 49.904166666666669 7222910865.2540274
93 10046 12.870833333333309 49.854166666666664 7215199441.9910135
92.9 10038 13.020833333333343 49.75416666666667 7207243034.3973246
92.8 10032 13.662500000000023 48.970833333333331 7199608986.1018686
92.7 10017 12.304166666666646 49.787500000000001 7191739452.5865774
92.6 9994 12.887500000000017 52.579166666666666 7184169484.4081764
92.5 9968 6.7125000000000057 47.179166666666667 7176360267.3955822
92.4 9941 7.2125000000000057 47.420833333333334 7168558142.5438147
92.3 9907 7.6875 47.479166666666664 7160805675.5184736
92.2 9879 7.7708333333333144 49.145833333333336 7152884732.1648283
92.1 9836 7.6124999999999829 50.104166666666664 7145199353.3483286
92 9802 7.8791666666666913 50.0625 7137499047.3633709
91.9 9780 8.2041666666666515 49.470833333333331 7129867849.4281864
91.8 9765 8.2208333333333599 49.50416666666667 7122032659.2137909
91.7 9754 8.0791666666666799 49.479166666666671 7114670163.6037865
91.6 9740 9.0541666666666742 48.520833333333336 7106316081.0845728
91.5 9730 8.8874999999999886 48.512500000000003 7099032937.6627846
91.4 9719 8.7375000000000114 48.50416666666667 7091566220.4901733
91.3 9711 8.6958333333333542 48.470833333333331 7084105743.5354223
91.2 9694 8.8041666666666742 51.37083333333333 7075517598.6706848
91.1 9676 14.937500000000028 57.587499999999999 7067569792.9998093
91 9644 15.079166666666652 59.037500000000001 7059887691.174058
90.9 9618 14.95416666666668 58.970833333333331 7052042444.7987432
90.8 9599 14.770833333333343 58.754166666666663 7044612831.6363201
90.7 9583 14.59583333333336 59.012500000000003 7037017045.4705467
90.6 9569 14.612500000000011 59.045833333333334 7028836764.8612509
90.5 9561 14.529166666666697 58.99583333333333 7021805745.8373995
90.4 9554 14.770833333333343 59.087499999999999 7013546591.1078634
90.3 9547 14.870833333333366 59.154166666666669 7006088542.6866436
90.2 9540 14.870833333333366 59.112499999999997 6997740572.7722626
90.1 9527 12.795833333333348 58.154166666666669 6990033535.8892546
90 9509 12.679166666666674 58.212500000000006 6982526739.4905853
89.9 9491 11.879166666666663 57.837499999999999 6974518064.4713449
89.8 9472 10.9375 57.404166666666669 6966703879.249651
89.7 9452 10.495833333333337 57.254166666666663 6959366023.1556902
89.6 9441 10.537500000000023 57.179166666666667 6952007226.6562672
89.5 9425 10.995833333333337 57.087499999999999 6943612306.0357685
89.4 9413 53.254166666666663 62.770833333333329 6935780493.7239666
89.3 9378 54.287500000000023 63.262500000000003 6928039286.3016348
89.2 9358 54.412499999999994 63.429166666666667 6920173775.4504976
89.1 9340 55.587500000000006 63.904166666666669 6912364713.6723442
89 9324 55.320833333333326 63.895833333333329 6904733155.4630337
88.9 9311 54.954166666666652 63.862499999999997 6897076531.2562914
88.8 9296 56.829166666666652 64.470833333333331 6889505255.4279003
88.7 9275 56.379166666666663 63.179166666666667 6881565110.4996433
88.6 9258 56.195833333333326 63.229166666666664 6873614869.2146187
88.5 9244 57.4375 63.445833333333333 6866019833.3202372
88.4 9222 58.070833333333354 63.645833333333329 6858107110.5461979
88.3 9207 58.320833333333354 63.712500000000006 6850733561.8121204
88.2 9192 58.92083333333332 63.912499999999994 6842884784.4105186
88.1 9166 58.962499999999977 60.545833333333334 6834818343.3252468
88 9141 59.637500000000017 60.779166666666669 6827269117.7747574
87.9 9114 57.67083333333332 60.962500000000006 6819493864.1188002
87.8 9089 58.02916666666664 60.954166666666666 6811524236.4108248
87.7 9066 57.570833333333354 60.204166666666666 6803789267.5921268
87.6 9043 58.145833333333314 60.454166666666666 6796170234.9764042
87.5 9015 57.037499999999994 58.487499999999997 6788252293.4889421
87.4 8986 57.67083333333332 58.854166666666664 6780670800.0076542
87.3 8962 58.254166666666634 59.037500000000001 6772746117.621151
87.2 8939 58.945833333333326 59.287500000000001 6764992668.8031597
87.1 8910 58.495833333333337 56.054166666666667 6757298603.959322
87 8876 57.395833333333314 55.99583333333333 6749547570.5277843
86.9 8848 58.370833333333309 56.620833333333337 6741799750.1763716
86.8 8819 59.237499999999983 57.045833333333334 6734118489.7045431
86.7 8794 58.604166666666657 56.9375 6726228273.552104
86.6 8766 59.379166666666663 56.087499999999999 6718472376.2883577
86.5 8740 59.162500000000023 56.287500000000001 6710805811.3003645
86.4 8720 59.34583333333336 56.387500000000003 6703166025.8623962
86.3 8701 59.887500000000017 56.62916666666667 6695216299.2337208
86.2 8684 59.020833333333343 56.695833333333333 6687528064.2056885
86.1 8657 65.6875 25.362499999999997 6679650236.9649696
86 8227 60.054166666666646 18.387500000000003 6671868036.812211
85.9 7980 58.445833333333326 22.645833333333329 6664108694.6927557
85.8 7800 57.162499999999994 26.00416666666667 6656473601.7184515
85.7 7764 56.995833333333337 27.412500000000001 6648764744.8343935
85.6 7712 56.620833333333337 28.662500000000001 6640964050.8384018
85.5 7683 57.229166666666686 28.279166666666669 6633203716.2597752
85.4 7653 57.079166666666652 28.720833333333331 6625567444.1588135
85.3 7626 57.020833333333343 29.279166666666661 6617611075.3848791
85.2 7594 57.820833333333354 28.754166666666663 6609901818.6300068
85.1 7538 59.554166666666646 27.345833333333331 6602134394.5904751
85 7483 60.137500000000017 27.12916666666667 6594339196.4917355
84.9 7443 60.520833333333343 27.329166666666666 6586527552.9104595
84.8 7400 60.962500000000006 27.495833333333337 6578857951.4252415
84.7 7360 61.337500000000006 27.5625 6571100681.9178696
84.6 7335 61.129166666666663 28.095833333333331 6563456254.6183815
84.5 7312 60.929166666666674 28.9375 6555797475.6250553
84.4 7291 63.029166666666669 26.12916666666667 6547760761.4539051
84.3 7255 62.570833333333326 27.520833333333329 6540116880.1360817
84.2 7226 62.854166666666686 27.487499999999997 6532277452.6693344
84.1 7204 63.262500000000017 27.162500000000001 6524808612.8699226
84 7188 63.137499999999989 27.070833333333333 6516962363.3819122
83.9 7170 62.779166666666669 28.554166666666667 6509293258.7212162
83.8 7151 63.454166666666652 27.854166666666671 6501261907.5211067
83.7 7135 63.895833333333343 27.462499999999999 6493584941.1206779
83.6 7108 64.379166666666691 27.12083333333333 6485953317.3537521
83.5 7091 64.287500000000023 27.220833333333339 6478375840.6848135
83.4 7078 64.587499999999977 26.87916666666667 6470196096.4130478
83.3 7068 64.562499999999972 26.845833333333339 6462589972.2617302
83.2 7058 64.15416666666664 28.454166666666666 6454964698.9199381
83.1 7041 63.945833333333354 29.079166666666666 6447203225.8276711
83 7020 64.204166666666652 29.12083333333333 6439192137.3495655
82.9 7008 64.137499999999989 29.212499999999999 6431985178.0198746
82.8 6991 64.804166666666674 28.612499999999997 6423643447.6882896
82.7 6977 64.604166666666686 28.929166666666667 6416084412.8527946
82.6 6963 65.120833333333337 28.254166666666663 6408280209.9226351
82.5 6950 65.212500000000006 28.295833333333334 6400737345.3513107
82.4 6940 65.162499999999994 28.32083333333334 6392819508.4869423
82.3 6931 63.32916666666668 25.029166666666669 6385344452.6317596
82.2 6917 63.179166666666646 25.545833333333334 6377700682.2702065
82.1 6897 61.654166666666669 22.262500000000003 6369505639.9260902
82 6880 61.262499999999989 22.004166666666663 6361706972.5771694
81.9 6860 61.279166666666669 22.470833333333331 6354213913.9976768
81.8 6842 61.145833333333343 22.587500000000006 6346127922.8765001
81.7 6824 61.770833333333343 23.504166666666677 6338406434.538023
81.6 6808 61.604166666666657 23.8125 6330759396.2527332
81.5 6786 61.337500000000006 23.762500000000003 6322790002.0635662
81.4 6772 61.429166666666674 23.620833333333337 6315413180.6079226
81.3 6759 61.5625 23.412500000000009 6307609239.496007
81.2 6748 61.4375 24.129166666666663 6299797663.9477491
81.1 6732 60.695833333333326 23.595833333333331 6291800045.8360596
81 6715 60.45416666666668 23.512500000000003 6283980645.0812645
80.9 6701 60.837500000000006 23.19583333333334 6276836591.2499838
80.8 6686 60.637500000000017 23.145833333333343 6268647593.0647678
80.7 6675 60.712500000000006 23.529166666666669 6260855185.9335613
80.6 6665 60.695833333333326 23.679166666666674 6253570803.7930183
80.5 6656 60.587500000000006 23.579166666666666 6245980338.8889761
80.4 6646 60.629166666666663 24.012500000000003 6237684757.8709869
80.3 6637 61.320833333333326 23.795833333333334 6230197712.7302637
80.2 6624 61.195833333333326 23.737499999999997 6222068612.7158585
80.1 6613 61.720833333333331 23.32083333333334 6214529035.2759438
80 6599 61.579166666666652 23.212500000000006 6206891954.455349
79.9 6588 61.529166666666669 23.19583333333334 6199178761.1877213
79.8 6578 61.662499999999994 23.154166666666669 6191361116.0569057
79.7 6570 61.679166666666674 23.19583333333334 6183614900.2627783
79.6 6561 61.92083333333332 23.004166666666663 6175435521.5894585
79.5 6553 61.70416666666668 22.920833333333334 6168331821.2709999
79.4 6544 61.662499999999994 22.862499999999997 6160694926.8605509
79.3 6535 62.037499999999994 22.504166666666663 6152878752.1139936
79.2 6522 61.762499999999989 22.220833333333331 6144806067.9385977
79.1 6510 61.6875 22.137500000000003 6136929579.3066635
79 6498 61.529166666666669 22.137500000000003 6128959826.7550716
78.9 6488 61.5625 21.995833333333337 6121749927.7802792
78.8 6479 61.495833333333337 22.154166666666669 6114152246.3426208
78.7 6472 61.487500000000011 22.020833333333329 6106443931.8148842
78.6 6466 61.462500000000006 21.870833333333337 6099154182.1715851
78.5 6460 61.895833333333343 21.762500000000003 6090480343.0055275
78.4 6450 60.854166666666657 24.162499999999994 6082531426.5512161
78.3 6441 60.8125 24.170833333333334 6075306633.5415821
78.2 6432 60.745833333333337 24.395833333333329 6067635429.7918072
78.1 6424 60.70416666666668 24.470833333333331 6059600675.7587719
78 6415 60.545833333333348 24.92916666666666 6051812588.8304577
77.9 6405 61.554166666666674 23.645833333333343 6043642093.3753614
77.8 6394 61.470833333333331 23.737499999999997 6036488846.7223845
77.7 6384 61.620833333333337 23.69583333333334 6028399347.64855
77.6 6376 61.604166666666657 23.595833333333331 6021015584.9749737
77.5 6368 61.620833333333337 23.429166666666674 6012796375.6037254
77.4 6362 61.645833333333343 23.354166666666671 6005281548.5625534
77.3 6355 61.395833333333343 27.345833333333331 5997480576.0471849
77.2 6346 61.3125 27.362499999999997 5989301768.9115763
77.1 6339 61.445833333333326 27.295833333333334 5982315257.5724735
77 6331 61.445833333333326 27.154166666666669 5974265323.5608597
76.9 6323 61.845833333333331 24.4375 5966835934.1880951
76.8 6315 61.945833333333326 24.479166666666657 5958880566.2075195
76.7 6307 62.029166666666669 24.487499999999997 5951211888.8715973
76.6 6297 62.004166666666663 24.870833333333337 5942848539.3866777
76.5 6287 61.995833333333337 25.087500000000006 5935287384.0425339
76.4 6277 61.962500000000006 25.204166666666666 5927415018.1657591
76.3 6269 62.029166666666669 25.295833333333334 5919910049.1238108
76.2 6260 62.087500000000006 25.362499999999997 5911605440.2793083
76.1 6253 62.07916666666668 25.429166666666674 5904423767.9542675
76 6247 62.087500000000006 25.537499999999994 5896589727.7415991
75.9 6241 62.137499999999989 25.595833333333331 5888484750.2693062
75.8 6236 62.1875 25.6875 5881248686.1178493
75.7 6226 62.762500000000017 27.670833333333334 5872914577.3907394
75.6 6217 62.862499999999983 27.095833333333339 5865750043.3151989
75.5 6208 62.879166666666663 27.162500000000001 5857891198.588645
75.4 6200 62.862499999999983 27.24583333333333 5849912103.333827
75.3 6193 62.770833333333314 27.229166666666664 5842403693.9005089
75.2 6186 62.737500000000011 27.204166666666666 5834417707.3964319
75.1 6179 62.887499999999989 25.979166666666671 5826898885.1150084
75 6171 62.887499999999989 26.070833333333333 5819429345.368742
74.9 6164 62.954166666666652 26.229166666666664 5811871411.6442986
74.8 6154 63.554166666666674 27.570833333333333 5803380492.6519585
74.7 6145 63.520833333333314 27.37916666666667 5795658084.6782684
74.6 6137 63.587499999999977 27.445833333333333 5787789040.0499268
74.5 6129 63.670833333333348 27.3125 5780087102.9845505
74.4 6122 63.720833333333303 27.229166666666664 5772368776.6197357
74.3 6115 63.595833333333331 27.204166666666666 5764647634.3363609
74.2 6108 63.612499999999983 27.095833333333339 5757284985.4147205
74.1 6102 63.57916666666668 27.062500000000007 5749535162.6463814
74 6096 63.587499999999977 26.829166666666673 5741269396.5980186
73.9 6089 57.754166666666663 30.537499999999994 5733740271.9642334
73.8 6081 57.20416666666668 31.795833333333334 5725636274.1160593
73.7 6072 57.304166666666646 32.920833333333334 5717879934.8060141
73.6 6064 57.820833333333354 31.254166666666663 5710559088.0266933
73.5 6056 57.254166666666663 32.662500000000001 5702222229.2474556
73.4 6048 57.579166666666652 31.74583333333333 5695109504.4538755
73.3 6040 57.579166666666652 31.962499999999999 5687459377.0425148
73.2 6031 57.720833333333331 31.912500000000001 5679405052.8137703
73.1 6024 57.737499999999983 31.895833333333336 5671183923.7701817
73 6019 57.695833333333326 31.854166666666664 5663335063.7109528
72.9 6014 57.620833333333309 31.87083333333333 5655786709.8359966
72.8 6009 57.512499999999989 31.9375 5648822099.1939468
72.7 6004 57.695833333333326 32.404166666666661 5641397761.4162865
72.6 5997 58.045833333333348 33.170833333333334 5632866268.1887875
72.5 5990 58.195833333333326 32.9375 5625022871.9956303
72.4 5983 58.054166666666646 32.795833333333334 5617733951.1574211
72.3 5974 58.212499999999977 32.279166666666661 5609346623.9215221
72.2 5966 58.304166666666646 32.470833333333339 5601417540.3793592
72.1 5958 58.487499999999983 32.045833333333327 5593707386.3628349
72 5950 58.579166666666652 32.145833333333336 5586519840.0459232
71.9 5941 58.820833333333354 32.595833333333339 5578514621.3477287
71.8 5933 58.67083333333332 32.554166666666667 5570702214.0241899
71.7 5924 58.762499999999989 32.362500000000004 5562671801.4387493
71.6 5916 59.004166666666691 32.054166666666667 5555079568.902997
71.5 5909 58.995833333333337 32.154166666666661 5548025455.1182995
71.4 5902 59.104166666666657 31.920833333333327 5539252712.0973377
71.3 5896 59.187500000000028 31.8125 5532259252.1849289
71.2 5888 59.487499999999983 31.512500000000003 5523789754.4389515
71.1 5882 59.529166666666697 31.462500000000006 5516540755.338789
71 5875 59.870833333333366 30.370833333333337 5508449803.9667206
70.9 5868 59.970833333333331 30.087499999999999 5501173590.3867903
70.8 5861 60.162500000000023 31.154166666666669 5493042804.9294281
70.7 5853 60.262499999999989 31.129166666666663 5485221386.2728071
70.6 5845 60.337500000000006 31.19583333333334 5477495918.9868174
70.5 5837 60.237499999999983 31.762499999999996 5469940704.530405
70.4 5829 60.337500000000006 31.75416666666667 5462378013.2656269
70.3 5821 60.387500000000017 31.520833333333336 5454635284.1067142
70.2 5813 61.995833333333337 34.945833333333333 5446293515.1142654
70.1 5800 62.087500000000006 35.054166666666667 5438546971.2720318
70 5789 62.204166666666652 35.045833333333327 5431105088.4370098
69.9 5777 62.345833333333331 35.162500000000001 5423242503.999011
69.8 5764 62.595833333333331 34.979166666666664 5415316526.3346691
69.7 5750 62.629166666666663 35.287500000000001 5407675759.4710846
69.6 5734 62.679166666666646 35.579166666666673 5399930548.2925014
69.5 5720 62.720833333333331 35.887500000000003 5392410766.2574463
69.4 5709 63.162499999999994 35.095833333333339 5384656072.7658558
69.3 5693 63.229166666666657 35.445833333333333 5376637103.494175
69.2 5679 63.462500000000006 35.25416666666667 5368663354.5386429
69.1 5667 63.495833333333309 35.512499999999996 5360849595.7817802
69 5654 63.620833333333337 35.545833333333334 5353037591.422863
68.9 5642 63.662499999999994 35.779166666666669 5345415519.7014828
68.8 5632 64.087499999999977 35.045833333333327 5337812139.2273064
68.7 5620 64.095833333333331 35.287500000000001 5330288409.1944122
68.6 5610 64.129166666666691 35.445833333333333 5322510085.9985085
68.5 5600 64.137499999999989 35.654166666666669 5315095619.6729698
68.4 5591 64.370833333333337 35.312500000000007 5307354739.9593811
68.3 5581 64.362499999999983 35.62916666666667 5298760094.4521694
68.2 5568 64.587499999999977 35.695833333333333 5291007107.444252
68.1 5556 64.737500000000011 35.679166666666667 5283665798.6538677
68 5546 64.820833333333326 35.637499999999996 5276072639.5353947
67.9 5537 64.895833333333343 35.579166666666673 5268494802.7723866
67.8 5529 64.995833333333309 35.612500000000004 5260202654.2412901
67.7 5523 65.054166666666674 35.595833333333339 5252977079.8854189
67.6 5515 64.912499999999994 36.337500000000006 5244411481.1163893
67.5 5505 64.962500000000006 36.4375 5236703279.1482792
67.4 5498 65.062500000000028 36.337500000000006 5229824537.9357796
67.3 5491 65.145833333333343 36.237499999999997 5221752908.7728329
67.2 5485 65.162499999999994 36.704166666666666 5214088992.4006119
67.1 5476 65.137499999999989 37.079166666666666 5205944434.9181929
67 5465 65.262500000000017 37.50416666666667 5198198266.9639654
66.9 5452 65.320833333333326 37.587499999999999 5190281703.8824043
66.8 5441 65.445833333333354 37.779166666666661 5182885555.1119995
66.7 5430 65.554166666666674 38.237500000000004 5174915899.6286659
66.6 5421 65.629166666666691 38.4375 5167514344.158205
66.5 5414 65.6875 38.37916666666667 5159522996.537652
66.4 5404 65.837500000000034 38.095833333333339 5151865956.6764441
66.3 5395 65.945833333333354 37.895833333333336 5143583726.7992115
66.2 5389 65.979166666666657 37.87916666666667 5136959385.7192726
66.1 5381 64.9375 38.12916666666667 5128843232.3960695
66 5372 64.912499999999994 38.387499999999996 5120340510.7122898
65.9 5365 64.90416666666664 38.479166666666664 5113292001.0873775
65.8 5354 64.79583333333332 39.154166666666669 5105164420.3382282
65.7 5345 64.90416666666664 39.129166666666663 5097855330.5026665
65.6 5337 64.90416666666664 39.287499999999994 5090030398.3503494
65.5 5330 65.04583333333332 39.120833333333337 5081959941.97052
65.4 5323 65.29583333333332 38.779166666666669 5074156953.6971264
65.3 5316 65.362499999999983 38.754166666666663 5066391736.7627335
65.2 5311 65.387499999999989 38.704166666666666 5059489809.0089989
65.1 5305 65.370833333333337 39.104166666666671 5051307180.5934076
65 5297 65.362499999999983 39.370833333333337 5043054561.2948866
64.9 5289 67.570833333333326 42.537500000000001 5035254223.6679993
64.8 5277 67.612500000000011 43.054166666666667 5027571142.024498
64.7 5264 67.987499999999983 42.287499999999994 5020028850.9246674
64.6 5250 68.179166666666674 42.245833333333337 5012017190.004425
64.5 5236 68.1875 42.887500000000003 5004294973.8769617
64.4 5222 68.379166666666663 42.829166666666666 4996377556.2079582
64.3 5210 68.495833333333337 42.954166666666666 4988760953.9891434
64.2 5199 68.595833333333331 43.104166666666664 4980758845.1462717
64.1 5190 68.70416666666668 43.087499999999999 4973525629.6342449
64 5181 68.787499999999994 43.212499999999999 4965492261.2366409
63.9 5173 68.995833333333337 42.795833333333334 4958040868.5307264
63.8 5163 69.070833333333354 42.870833333333337 4949817691.2182436
63.7 5155 69.137500000000017 43.020833333333336 4942805659.9368725
63.6 5147 69.20416666666668 43.212499999999999 4934585366.7455959
63.5 5141 69.237499999999983 43.279166666666661 4927641745.1644516
63.4 5135 69.3125 43.454166666666673 4919522358.3840847
63.3 5129 69.370833333333309 43.479166666666664 4912006767.2229099
63.2 5120 69.662500000000023 42.645833333333329 4903628842.2776804
63.1 5111 70.09583333333336 41.445833333333333 4895314909.7259731
63 5098 69.629166666666663 40.962499999999999 4888076508.3330336
62.9 5086 69.67083333333332 41.212499999999999 4879931582.7556076
62.8 5073 69.937499999999972 40.612500000000004 4872196632.1990032
62.7 5061 70.037499999999994 40.662500000000001 4864548911.5328827
62.6 5050 70.137500000000017 40.99583333333333 4856554225.6729221
62.5 5039 70.3125 40.670833333333327 4848952735.3736076
62.4 5028 70.437500000000028 40.662500000000001 4841351242.6888084
62.3 5018 70.487499999999983 40.920833333333327 4833240257.1620808
62.2 5010 70.570833333333354 40.937500000000007 4825788871.4171171
62.1 5000 69.595833333333303 40.154166666666669 4818279244.0361433
62 4990 69.554166666666646 40.654166666666661 4810592584.4176769
61.9 4978 69.695833333333326 40.62083333333333 4802352532.4163895
61.8 4970 69.679166666666674 40.654166666666661 4795105033.9897194
61.7 4960 70.087500000000006 40.037500000000001 4786997976.1817951
61.6 4951 70.20416666666668 40.004166666666663 4779674108.9927158
61.5 4942 70.079166666666652 40.454166666666666 4771908243.6570024
61.4 4932 69.8125 40.0625 4763719164.2568331
61.3 4923 69.929166666666674 40.045833333333334 4756201790.5369339
61.2 4915 69.929166666666674 40.12083333333333 4748354813.3739357
61.1 4908 69.879166666666663 40.104166666666664 4740805421.4802866
61 4901 69.895833333333314 40.25416666666667 4732465393.2830753
60.9 4896 69.895833333333314 40.329166666666666 4725662211.0812149
60.8 4890 69.95416666666668 40.479166666666664 4717576020.8876152
60.7 4885 70.254166666666691 39.8125 4710228697.2640457
60.6 4878 70.337500000000006 39.795833333333334 4701554030.7339306
60.5 4872 70.412500000000023 39.770833333333329 4693917341.0181122
60.4 4867 70.445833333333326 39.862499999999997 4687046577.5516777
60.3 4859 70.745833333333337 39.220833333333331 4678405289.7592125
60.2 4853 70.820833333333354 39.17916666666666 4670697409.8686647
60.1 4847 72.412500000000023 37.029166666666669 4663168087.2681704
60 4838 72.520833333333343 37.179166666666667 4655172982.4295998
59.9 4830 70.3125 42.412499999999994 4647735304.8309631
59.8 4821 70.379166666666663 42.262500000000003 4639443316.4338074
59.7 4813 72.887499999999989 36.845833333333331 4631613977.0492687
59.6 4803 72.9375 37.070833333333333 4624026711.5195942
59.5 4793 73.095833333333331 36.962500000000006 4616551111.5961723
59.4 4782 73.354166666666657 36.612499999999997 4608333736.9855051
59.3 4770 73.4375 36.862499999999997 4600540270.5459614
59.2 4759 73.520833333333314 36.995833333333337 4593330090.1365776
59.1 4748 73.645833333333343 36.970833333333331 4585385999.1516113
59 4738 73.762500000000017 36.970833333333331 4577848611.3307133
58.9 4727 73.895833333333343 36.829166666666666 4569753862.8564396
58.8 4718 73.970833333333331 36.8125 4562118795.899292
58.7 4711 74.020833333333314 36.804166666666674 4554024423.4559689
58.6 4705 73.929166666666646 36.5625 4547122544.4060402
58.5 4697 74.262500000000017 36.862499999999997 4539102515.4299393
58.4 4687 74.354166666666686 36.970833333333331 4531452522.5256596
58.3 4677 74.287499999999994 38.4375 4523095569.7819786
58.2 4664 74.4375 38.462499999999999 4515518430.6725845
58.1 4652 74.570833333333326 38.462499999999999 4507655077.0671444
58 4640 74.695833333333354 38.637500000000003 4499877998.0920591
57.9 4630 74.804166666666674 38.787500000000001 4492215389.9699554
57.8 4619 74.954166666666652 38.462499999999999 4484627670.9157772
57.7 4606 75.120833333333337 38.595833333333331 4476969465.2374821
57.6 4588 76.520833333333314 41.487499999999997 4468889196.747426
57.5 4572 76.712499999999977 41.470833333333331 4461325482.8450012
57.4 4555 76.920833333333348 41.4375 4453430353.9836311
57.3 4544 77.02916666666664 41.620833333333337 4445615927.0235043
57.2 4533 77.145833333333314 41.49583333333333 4437735839.1018133
57.1 4525 77.27916666666664 41.420833333333334 4430186664.1830807
57 4512 77.454166666666652 41.354166666666664 4422714124.594429
56.9 4502 77.52916666666664 41.387500000000003 4414529153.6416435
56.8 4492 77.395833333333314 40.937500000000007 4406552110.0763035
56.7 4478 77.337500000000034 39.945833333333333 4399207662.7401772
56.6 4465 77.270833333333314 40.437499999999993 4391372001.0378914
56.5 4450 77.104166666666686 40.020833333333336 4383366460.856638
56.4 4441 77.087500000000034 39.854166666666671 4375742553.3995399
56.3 4431 77.054166666666674 38.270833333333336 4368095255.9324083
56.2 4423 77.037500000000023 38.054166666666667 4360445797.8003511
56.1 4417 77.104166666666686 38.12916666666667 4352697062.6535244
56 4407 77.337500000000034 38.162500000000001 4344720351.7370815
55.9 4396 77.570833333333326 39.05416666666666 4336855218.4101124
55.8 4387 77.612499999999955 39.120833333333337 4329723439.3903751
55.7 4379 77.695833333333326 39.079166666666666 4321581902.4991245
55.6 4368 77.870833333333337 38.979166666666671 4313752443.4684486
55.5 4361 77.845833333333303 38.954166666666666 4306182356.5260258
55.4 4356 77.72083333333336 38.895833333333329 4298421795.7082367
55.3 4350 77.712499999999977 38.970833333333331 4291065646.5471005
55.2 4343 77.087500000000034 38.962499999999999 4282768340.8757563
55.1 4326 95.9375 27.287500000000001 4275062779.6425457
55 4310 95.795833333333348 27.295833333333334 4267418780.7707672
54.9 4286 97.787500000000023 25.479166666666671 4259180631.3232336
54.8 4255 97.795833333333348 25.770833333333329 4251456627.1500235
54.7 4205 100.13749999999999 25.704166666666666 4243729446.7852812
54.6 4142 101.12083333333334 25.520833333333329 4235905859.9397268
54.5 4098 101.94583333333333 25.395833333333329 4228170626.8705935
54.4 4039 102.71249999999998 25.1875 4220410466.2893128
54.3 3985 103.58749999999998 25.004166666666663 4212608294.9186869
54.2 3929 103.37083333333334 24.370833333333323 4204860107.0035887
54.1 3889 103.26249999999999 24.1875 4197069107.3036036
54 3853 103.17916666666667 24.795833333333334 4189444735.8489218
53.9 3821 103.46249999999998 24.879166666666663 4181780600.7081342
53.8 3795 103.83749999999998 24.779166666666669 4174094850.663425
53.7 3775 104.10416666666669 24.704166666666666 4166249640.2809668
53.6 3750 103.77083333333331 24.345833333333331 4158310503.3960013
53.5 3732 103.69583333333333 24.154166666666669 4151042487.682539
53.4 3718 103.72916666666669 24.30416666666666 4142829399.9774075
53.3 3707 103.6875 24.3125 4135223908.6984973
53.2 3699 103.62916666666666 24.412499999999994 4128099329.9255157
53.1 3691 103.57916666666665 24.595833333333331 4119883909.0996037
53 3684 103.54583333333335 24.629166666666663 4112782320.5862703
52.9 3673 104.33749999999998 24.120833333333337 4104241181.2656021
52.8 3663 104.4708333333333 23.962500000000006 4096632861.4369593
52.7 3653 104.47916666666669 24.012500000000003 4088829518.8135042
52.6 3644 104.42916666666667 24.204166666666666 4080897013.7035313
52.5 3636 104.37916666666666 24.170833333333334 4073082617.9548025
52.4 3625 102.37916666666666 22.962500000000006 4065524663.0614524
52.3 3613 102.48750000000001 22.895833333333329 4057614542.9703784
52.2 3601 102.3458333333333 23.32083333333334 4049956630.1364722
52.1 3592 102.32916666666665 23.395833333333343 4042714901.2114544
52 3579 101.85416666666669 22.520833333333329 4034236370.8622246
51.9 3566 101.92916666666667 22.454166666666666 4026633561.7465153
51.8 3554 101.86250000000001 22.704166666666666 4019048158.7716365
51.7 3545 101.79583333333335 22.729166666666671 4011379020.5646586
51.6 3539 101.75416666666666 22.720833333333331 4004262718.1067038
51.5 3532 102.27083333333337 22.637500000000003 3995941930.8850055
51.4 3520 102.4041666666667 22.620833333333337 3988165735.8846693
51.3 3509 101.26249999999999 22.05416666666666 3980310922.9628239
51.2 3499 101.19583333333333 22.112499999999997 3972371975.3836203
51.1 3493 101.17916666666667 22.1875 3965230530.9582014
51 3485 101.11250000000001 22.320833333333326 3957172765.0208058
50.9 3474 100.55416666666667 21.412499999999994 3949234119.4346929
50.8 3461 100.63749999999999 21.362499999999997 3941674454.6707726
50.7 3453 100.61249999999995 21.445833333333326 3934187369.6442957
50.6 3442 100.27083333333331 20.987499999999997 3925634956.3140078
50.5 3433 100.28750000000002 21.045833333333334 3918222478.1874504
50.4 3423 100.0625 20.69583333333334 3910190323.6908808
50.3 3413 99.954166666666652 20.712500000000006 3902281374.6396298
50.2 3394 100.74583333333334 28.745833333333337 3894611395.8963633
50.1 3374 100.74583333333334 28.6875 3887042174.5844851
50 3362 100.62916666666666 28.970833333333331 3879488768.029932
49.9 3354 100.57916666666665 28.929166666666667 3872042907.4098988
49.8 3344 100.4375 28.704166666666666 3863895389.2737131
49.7 3325 100.0625 28.904166666666669 3855980122.3865929
49.6 3305 99.879166666666663 28.929166666666667 3848120729.0631385
49.5 3288 99.712499999999977 28.912500000000001 3840344727.2286301
49.4 3270 99.395833333333314 28.279166666666669 3832700703.5945363
49.3 3251 99.370833333333337 28.270833333333329 3824923747.9795861
49.2 3237 99.129166666666663 28.520833333333329 3817006931.4268808
49.1 3222 99.095833333333303 28.637500000000003 3809697751.7445278
49 3204 98.637499999999989 28.862499999999997 3801442306.5599031
48.9 3190 98.629166666666663 28.679166666666667 3794170229.19946
48.8 3177 98.379166666666663 28.779166666666669 3786019829.2997093
48.7 3164 98.295833333333348 28.654166666666669 3778573718.1335526
48.6 3151 98.254166666666663 28.529166666666669 3770656144.5988669
48.5 3143 98.245833333333337 28.579166666666666 3763525007.8637805
48.4 3136 98.304166666666674 28.57083333333334 3756040331.0105834
48.3 3126 98.22083333333336 28.220833333333331 3747485216.760293
48.2 3115 97.554166666666674 28.762500000000003 3739884685.958025
48.1 3101 97.470833333333303 28.620833333333337 3731786219.665832
48 3091 97.537500000000023 28.537500000000001 3724423461.2346921
47.9 3080 97.429166666666674 28.412500000000009 3716464092.7621489
47.8 3069 97.362500000000011 28.295833333333334 3708414639.5109091
47.7 3059 97.362500000000011 28.204166666666666 3700989002.0591483
47.6 3050 97.354166666666686 28.120833333333337 3693260143.375134
47.5 3042 97.270833333333314 28.020833333333329 3685266177.2724357
47.4 3031 97.237500000000011 27.912499999999994 3677377355.7472334
47.3 3022 97.15416666666664 27.820833333333326 3670168671.474669
47.2 3013 97.087499999999977 27.720833333333331 3662440274.8707156
47.1 3008 97.054166666666674 27.745833333333337 3654960795.9915934
47 3000 96.920833333333348 28.212500000000006 3646759171.071228
46.9 2992 96.854166666666686 28.4375 3638685739.2972622
46.8 2987 96.837499999999977 28.504166666666663 3631601793.7826777
46.7 2982 97.670833333333348 27.537500000000001 3623447290.4330344
46.6 2974 97.729166666666686 27.495833333333337 3616269643.9034472
46.5 2967 97.762499999999989 27.4375 3608163483.9809413
46.4 2962 97.84583333333336 27.404166666666669 3600522945.180809
46.3 2956 97.320833333333326 28.379166666666663 3592044693.583529
46.2 2949 97.370833333333337 28.412500000000009 3584810962.2886004
46.1 2941 96.354166666666629 27.495833333333337 3576834574.4767623
46 2936 96.337499999999977 27.470833333333331 3569716982.1141973
45.9 2929 96.954166666666652 26.895833333333336 3561428672.0761747
45.8 2918 96.045833333333348 26.237500000000004 3553624593.1237025
45.7 2910 95.954166666666652 25.879166666666663 3545909613.5308132
45.6 2900 96.787499999999966 26.562499999999993 3537758226.8672981
45.5 2887 96.820833333333326 26.212499999999999 3530311312.3512359
45.4 2874 96.679166666666674 26.295833333333327 3522610803.7610369
45.3 2864 96.662500000000023 26.204166666666666 3515239785.6548991
45.2 2852 96.554166666666674 25.712500000000006 3506807643.2565274
45.1 2839 94.6875 27.745833333333337 3499261510.2316532
45 2818 94.6875 27.487499999999997 3491241800.9306836
44.9 2805 94.637499999999989 27.404166666666669 3483777727.1212134
44.8 2787 94.470833333333303 27.195833333333333 3475746111.408782
44.7 2773 94.15416666666664 26.987500000000004 3468315460.5888863
44.6 2758 94.354166666666629 26.895833333333336 3460339622.7259574
44.5 2746 94.329166666666652 26.770833333333336 3452802763.6701493
44.4 2737 94.279166666666697 26.679166666666667 3445619832.5580578
44.3 2731 94.229166666666686 26.662500000000001 3437301762.4163666
44.2 2726 94.170833333333292 26.62916666666667 3430008826.3373418
44.1 2715 94.554166666666674 26.337499999999999 3421380762.3434362
44 2706 94.662500000000023 26.154166666666669 3414170977.0971398
43.9 2698 94.762499999999989 26.00416666666667 3406582432.1132894
43.8 2690 94.804166666666674 26.237500000000004 3398573108.3264813
43.7 2682 94.887499999999989 26.229166666666664 3390901758.1300344
43.6 2675 94.962500000000034 26.154166666666669 3383315547.5701189
43.5 2669 94.979166666666686 26.1875 3374736035.0102639
43.4 2665 95.054166666666674 26.104166666666664 3367328927.2217598
43.3 2661 95.070833333333326 26.162500000000001 3360083717.5620227
43.2 2657 95.104166666666629 26.1875 3352151387.0267634
43.1 2653 95.170833333333292 26.12916666666667 3343930018.1457219
43 2648 94.795833333333348 26.845833333333339 3336381549.8882155
42.9 2644 94.954166666666652 26.670833333333327 3329591290.0704303
42.8 2638 95.362500000000011 26.029166666666669 3320755356.0927415
42.7 2632 95.520833333333314 25.837500000000006 3313093413.2808309
42.6 2626 95.570833333333326 25.845833333333331 3305361384.8315692
42.5 2621 95.637499999999989 25.754166666666663 3298106349.733048
42.4 2616 95.712500000000034 25.729166666666671 3290707861.4438415
42.3 2611 95.737500000000011 25.779166666666669 3282775550.6730194
42.2 2605 95.854166666666629 25.729166666666671 3274122328.0369806
42.1 2600 95.879166666666663 25.795833333333334 3267394449.2863922
42 2594 95.945833333333326 25.779166666666669 3258607218.9881248
41.9 2589 96.029166666666697 25.729166666666671 3251565984.6780701
41.8 2584 96.079166666666708 25.712500000000006 3243800287.8289442
41.7 2579 95.979166666666686 25.629166666666663 3235819495.1461453
41.6 2574 95.954166666666652 26.337499999999999 3228160068.317534
41.5 2568 95.995833333333337 26.437499999999993 3220664741.8864365
41.4 2562 96.045833333333348 26.479166666666664 3212821181.8492837
41.3 2556 96.104166666666629 26.49583333333333 3204584570.2966647
41.2 2551 96.137499999999989 26.512499999999996 3196922716.1426435
41.1 2546 96.15416666666664 26.595833333333339 3188773726.9091377
41 2541 95.920833333333348 26.920833333333341 3181533133.840013
40.9 2536 95.9375 27.054166666666667 3173797906.6241078
40.8 2531 95.979166666666686 26.962499999999999 3165437634.9571924
40.7 2528 95.9375 27.179166666666667 3158830719.2200098
40.6 2525 95.920833333333348 27.237500000000004 3151817036.2254343
40.5 2522 95.9375 27.137499999999996 3143049579.3540821
40.4 2520 95.912500000000023 27.279166666666669 3136177728.8079877
40.3 2518 95.9375 27.25416666666667 3129229743.8862305
40.2 2515 95.979166666666686 27.387500000000003 3120783727.515748
40.1 2511 96.0625 27.345833333333331 3112135625.7066717
40 2508 96.070833333333326 27.337499999999999 3105315289.825088
39.9 2505 96.129166666666663 27.229166666666664 3097758882.7245827
39.8 2501 95.504166666666663 27.387500000000003 3088083018.8486342
39.7 2497 95.479166666666686 27.295833333333334 3081281593.1011224
39.6 2492 95.479166666666686 27.137499999999996 3073182400.399087
39.5 2487 95.495833333333337 27.037500000000001 3064477630.2836037
39.4 2484 95.520833333333314 27.029166666666661 3057915379.61865
39.3 2481 95.529166666666697 27.045833333333334 3050230835.4296889
39.2 2478 95.362500000000011 27.154166666666669 3042950914.549067
39.1 2474 95.337499999999977 27.137499999999996 3034474162.9106383
39 2470 95.329166666666652 27.087499999999999 3025670616.2089314
38.9 2467 95.129166666666663 27.712499999999999 3018832189.8364401
38.8 2464 95.195833333333326 27.270833333333336 3012057551.9125037
38.7 2460 95.195833333333326 27.320833333333333 3003342945.066669
38.6 2457 95.112500000000011 27.504166666666663 2995934895.8758979
38.5 2454 95.012499999999989 27.654166666666669 2988875422.9697976
38.4 2450 94.704166666666652 28.045833333333334 2979584231.8866816
38.3 2446 94.870833333333337 27.579166666666666 2971617344.8558116
38.2 2442 94.787499999999966 27.762500000000003 2963938314.5336795
38.1 2439 94.829166666666652 27.712499999999999 2957771837.4166284
38 2436 94.820833333333326 27.704166666666666 2950097380.3414178
37.9 2433 94.504166666666663 28.087500000000006 2942175822.0780082
37.8 2430 94.495833333333337 28.112499999999997 2934721788.0357637
37.7 2427 94.512499999999989 28.154166666666669 2925731340.9591279
37.6 2425 94.504166666666663 28.17916666666666 2919711803.8143654
37.5 2421 94.362500000000011 28.112499999999997 2909533035.6497531
37.4 2418 94.337499999999977 28.137500000000003 2901994116.7666731
37.3 2415 95.704166666666652 28.845833333333331 2895186163.3752646
37.2 2411 95.495833333333337 28.704166666666666 2887652449.4056005
37.1 2406 95.5625 28.695833333333333 2878449302.1649318
37 2402 95.59583333333336 28.729166666666671 2871199726.538847
36.9 2398 95.59583333333336 28.779166666666669 2863468789.5346107
36.8 2395 95.612500000000011 28.804166666666667 2856807204.6276288
36.7 2392 95.620833333333337 28.829166666666666 2849367029.7607198
36.6 2388 95.604166666666629 28.595833333333331 2839793184.1740742
36.5 2385 95.520833333333314 28.612499999999997 2832556104.5066023
36.4 2382 95.462500000000034 28.6875 2825621986.5257196
36.3 2378 95.479166666666686 28.662500000000001 2816268229.085669
36.2 2374 96.929166666666674 29.437499999999993 2808473441.7350826
36.1 2370 96.962500000000034 29.470833333333339 2801091009.7584453
36 2366 97.004166666666663 29.479166666666664 2793717967.9359522
35.9 2362 97.045833333333348 29.479166666666664 2786172656.0436149
35.8 2358 97.079166666666708 29.520833333333336 2778000673.9835052
35.7 2354 97.104166666666686 29.604166666666664 2769839302.0916128
35.6 2351 97.129166666666663 29.62916666666667 2763623517.8547535
35.5 2347 97.212500000000034 29.437499999999993 2754939770.2312045
35.4 2344 97.245833333333337 29.429166666666667 2748499779.4825344
35.3 2339 93.912500000000023 27.12916666666667 2738745518.488276
35.2 2335 93.912500000000023 26.979166666666664 2731505840.5732427
35.1 2332 93.929166666666674 26.987500000000004 2725142104.2920399
35 2328 93.920833333333348 26.962499999999999 2715623130.2978005
34.9 2326 93.920833333333348 26.962499999999999 2710427756.625813
34.8 2323 93.895833333333314 26.895833333333336 2702187672.5458302
34.7 2319 96.987500000000011 29.212499999999999 2692978811.9124765
34.6 2316 97.020833333333314 29.212499999999999 2686503884.3233562
34.5 2312 97.670833333333348 29.220833333333339 2677988494.1211014
34.4 2308 97.695833333333326 29.220833333333339 2670317732.8496499
34.3 2304 97.754166666666663 29.220833333333339 2662384576.8214493
34.2 2300 97.779166666666697 29.220833333333339 2654499858.2518415
34.1 2296 97.787500000000023 29.262499999999996 2645775544.779757
34 2293 97.779166666666697 29.287500000000001 2638818737.9496698
33.9 2290 97.829166666666652 29.204166666666666 2631435545.5846233
33.8 2287 97.820833333333326 29.420833333333327 2624227468.3812442
33.7 2283 97.895833333333314 29.37916666666667 2615145677.7074103
33.6 2280 97.895833333333314 29.520833333333336 2608228519.0762434
33.5 2276 96.920833333333348 28.704166666666666 2600189838.0613909
33.4 2272 96.945833333333326 28.670833333333334 2592201817.6333776
33.3 2268 97.012500000000045 28.504166666666663 2583494536.3510022
33.2 2265 98.1875 28.979166666666664 2577173831.5944877
33.1 2261 98.245833333333337 28.979166666666664 2569230782.8291702
33 2257 98.287500000000023 28.987500000000004 2561633696.5942941
32.9 2253 98.329166666666652 28.979166666666664 2553748679.629581
32.8 2249 98.370833333333337 28.987500000000004 2545615998.253417
32.7 2245 98.412500000000023 29.020833333333336 2538126539.4665751
32.6 2240 98.479166666666686 28.962499999999999 2529861037.7794056
32.5 2235 98.52916666666664 28.970833333333331 2521714942.1442375
32.4 2231 98.570833333333326 28.979166666666664 2515133586.2346454
32.3 2226 98.620833333333337 28.920833333333334 2506525146.6049247
32.2 2222 98.695833333333326 28.920833333333334 2499632924.7600522
32.1 2217 98.72083333333336 28.862499999999997 2490996531.1781006
32 2212 99.087499999999977 28.429166666666674 2483350970.9490457
31.9 2206 99.137499999999989 28.4375 2474975829.6110473
31.8 2201 99.195833333333326 28.454166666666666 2468058053.5762343
31.7 2196 99.204166666666652 28.345833333333331 2460343181.9562426
31.6 2192 99.212499999999977 28.329166666666666 2453186200.870954
31.5 2187 99.129166666666663 28.512500000000003 2444510502.0961652
31.4 2183 99.145833333333314 28.612499999999997 2437339360.3819137
31.3 2178 99.154166666666697 28.8125 2428730057.5952411
31.2 2174 99.170833333333348 28.845833333333331 2421307329.2064176
31.1 2170 99.195833333333326 28.9375 2413168264.779151
31 2167 99.212499999999977 28.970833333333331 2406562579.7202497
30.9 2164 99.245833333333337 28.962499999999999 2399419457.7051563
30.8 2160 99.295833333333348 28.920833333333334 2389936076.3606868
30.7 2156 99.095833333333303 30.087499999999999 2381703059.2075348
30.6 2152 99.112500000000011 30.12916666666667 2374289489.2858272
30.5 2149 99.095833333333303 30.137500000000003 2367544839.9916897
30.4 2145 99.012499999999989 31.104166666666671 2359455489.7978916
30.3 2142 99.012499999999989 31.137500000000003 2353069344.662488
30.2 2139 99.020833333333314 31.179166666666674 2345510088.9513993
30.1 2136 99.037500000000023 31.304166666666674 2337641842.974678
30 2131 99.879166666666663 28.354166666666671 2327651334.2715106
29.9 2126 98.52916666666664 30.787499999999994 2320114005.3976488
29.8 2121 98.595833333333303 30.654166666666669 2312563141.5194316
29.7 2116 98.612500000000011 30.870833333333337 2304783903.2230382
29.6 2112 98.604166666666686 30.829166666666666 2297835800.9884815
29.5 2106 100.26249999999999 28.19583333333334 2288906809.2845254
29.4 2101 100.27916666666664 28.220833333333331 2281458696.7769122
29.3 2096 100.37916666666666 28.17916666666666 2273326368.6534119
29.2 2091 100.42916666666667 28.1875 2265754791.8897924
29.1 2087 100.47916666666663 28.162499999999994 2258886652.074934
29 2082 100.47083333333336 28.295833333333334 2250624782.9194822
28.9 2077 100.61249999999995 28.079166666666666 2242535057.4118309
28.8 2072 100.67916666666667 28.05416666666666 2235209757.7568841
28.7 2066 100.75416666666666 28.004166666666663 2227271437.3265553
28.6 2060 100.82916666666665 27.970833333333331 2219408448.8969254
28.5 2055 100.87916666666666 27.979166666666671 2212391919.822628
28.4 2049 100.97916666666663 27.945833333333326 2203361340.6836281
28.3 2045 101.02916666666664 27.954166666666666 2196961558.0678668
28.2 2039 101.29583333333329 27.837499999999991 2188842982.8049369
28.1 2033 101.17083333333335 27.829166666666666 2180755659.3761773
28 2027 101.22916666666663 27.8125 2172469747.4785128
27.9 2023 101.26249999999999 27.845833333333331 2165915480.4430766
27.8 2017 101.57916666666665 27.8125 2157603505.5779338
27.7 2011 101.5958333333333 27.704166666666666 2149625817.2765479
27.6 2005 101.66249999999997 27.670833333333334 2142013828.5680034
27.5 1999 101.72916666666663 27.629166666666663 2133977844.9219346
27.4 1993 101.80416666666667 27.604166666666664 2126045281.3968706
27.3 1987 101.87083333333334 27.595833333333331 2117948038.3305411
27.2 1981 101.94583333333333 27.595833333333331 2110173011.8850837
27.1 1976 101.91249999999997 27.429166666666667 2103379301.0327492
27 1970 101.96249999999998 27.420833333333334 2095657123.5946002
26.9 1964 102.07916666666665 27.404166666666669 2087877847.3944831
26.8 1958 102.13750000000005 27.420833333333334 2080172633.8767648
26.7 1952 102.20416666666671 27.429166666666667 2072090121.4963913
26.6 1946 102.26249999999999 27.354166666666664 2063896961.3904974
26.5 1940 102.33750000000003 27.354166666666664 2056032641.7548475
26.4 1934 102.41249999999997 27.362499999999997 2048602036.358211
26.3 1928 102.47083333333336 27.387500000000003 2041107437.6072402
26.2 1922 102.52083333333337 27.420833333333334 2033578899.890389
26.1 1916 102.57916666666665 27.404166666666669 2025764591.2215669
26 1911 102.60416666666669 27.362499999999997 2018514050.1672921
25.9 1905 102.6875 27.470833333333331 2009453895.0472991
25.8 1900 102.73750000000001 27.462499999999999 2002177871.9409008
25.7 1895 102.76249999999999 27.412500000000001 1994057072.7142661
25.6 1891 102.82916666666665 27.395833333333336 1987432697.7351995
25.5 1886 102.9041666666667 27.37083333333333 1979252770.1843939
25.4 1881 102.95416666666665 27.354166666666664 1971239032.154213
25.3 1877 103.02083333333337 27.337499999999999 1964345816.3416264
25.2 1872 103.13749999999999 27.3125 1955251117.5420504
25.1 1868 103.20416666666665 27.287500000000001 1947703351.2457952
25 1864 103.28750000000002 27.270833333333336 1939812091.7709489
24.9 1861 102.94583333333333 28.204166666666666 1933091285.3499155
24.8 1855 102.9375 28.045833333333334 1924375580.2773094
24.7 1850 102.98750000000001 28.0625 1917001590.6427808
24.6 1838 84.84583333333336 23.079166666666666 1908869989.8479233
24.5 1821 82.487500000000011 23.095833333333331 1900996144.2099895
24.4 1798 83.137499999999989 22.679166666666674 1893011697.5569253
24.3 1775 80.8125 22.720833333333331 1885267667.9924529
24.2 1749 80.795833333333348 22.604166666666671 1877778672.1174748
24.1 1722 81.254166666666663 22.279166666666669 1869759918.353168
24 1701 81.1875 22.145833333333329 1861970435.0832229
23.9 1683 81.537500000000023 22.804166666666674 1854188156.5282214
23.8 1664 81.6875 22.629166666666663 1846412054.3916399
23.7 1646 81.795833333333348 22.537499999999994 1838919193.5268884
23.6 1633 81.945833333333326 22.69583333333334 1831349061.6349463
23.5 1621 82.120833333333337 22.837500000000006 1823376081.5452073
23.4 1608 81.02916666666664 22.42916666666666 1815381998.3975258
23.3 1593 81.0625 22.595833333333331 1807631522.7595463
23.2 1579 80.920833333333348 23.212500000000006 1800304328.484462
23.1 1562 81.154166666666697 23.154166666666669 1792397869.0375733
23 1545 79.537500000000023 23.19583333333334 1784469062.0244679
22.9 1527 79.287500000000023 23.054166666666674 1777000748.4741521
22.8 1506 78.629166666666663 22.912500000000009 1768985791.1609404
22.7 1489 78.662499999999966 23.104166666666671 1761499519.4602354
22.6 1471 78.904166666666697 22.895833333333329 1753396293.4579408
22.5 1456 78.945833333333326 22.904166666666669 1745742484.4443297
22.4 1443 79.070833333333326 23.154166666666669 1738110628.0561728
22.3 1428 79.104166666666686 23.220833333333331 1730258628.6727426
22.2 1416 79.004166666666663 23.270833333333343 1722586688.2055843
22.1 1405 79.02916666666664 23.337500000000006 1714782373.872416
22 1395 78.845833333333303 23.270833333333343 1706958993.5459628
21.9 1384 79.662499999999966 22.787500000000009 1699363435.6328306
21.8 1372 79.412499999999966 22.754166666666663 1691620681.8873487
21.7 1361 79.237500000000011 22.745833333333337 1683918580.1147239
21.6 1350 79.320833333333326 22.770833333333329 1675947104.0664623
21.5 1340 79.3125 22.737499999999997 1668223092.8958328
21.4 1330 79.445833333333326 22.354166666666671 1660372492.5513279
21.3 1321 79.512499999999989 22.387500000000003 1653156602.3266566
21.2 1312 79.554166666666674 22.4375 1645030100.2265823
21.1 1305 79.495833333333337 22.42916666666666 1637588831.378422
21 1296 79.645833333333314 23.5625 1629657874.2943013
20.9 1288 79.570833333333326 23.495833333333337 1621710640.8834968
20.8 1281 79.587500000000034 24.0625 1614041028.4703915
20.7 1273 79.52916666666664 24.029166666666669 1606250826.8500638
20.6 1268 79.47083333333336 24.087499999999991 1599060361.466012
20.5 1260 79.362500000000011 23.92916666666666 1590918053.3315153
20.4 1251 79.270833333333371 23.912499999999994 1582686507.4858997
20.3 1244 79.204166666666708 23.92916666666666 1575546308.2676127
20.2 1238 79.170833333333348 23.9375 1568317419.4070148
20.1 1232 79.112500000000011 23.904166666666669 1559955378.0445526
20 1227 79.054166666666674 23.879166666666663 1552780449.7736061
19.9 1219 80.112500000000011 23.662500000000009 1544258237.1439419
19.8 1212 80.129166666666663 23.604166666666671 1536603053.1874094
19.7 1206 80.179166666666674 23.537500000000009 1528619936.1947296
19.6 1199 79.737500000000011 23.5625 1521401991.1436577
19.5 1191 79.712499999999977 23.495833333333337 1512969639.3056436
19.4 1184 79.770833333333371 23.420833333333334 1505080340.1983762
19.3 1178 79.729166666666686 23.379166666666677 1497550662.9584291
19.2 1173 79.679166666666674 23.337500000000006 1490291594.8095827
19.1 1168 79.620833333333337 23.304166666666674 1482771353.1907225
19 1163 79.887500000000045 23.204166666666666 1475246000.0413435
18.9 1157 80.087500000000034 25.295833333333334 1466618862.2346392
18.8 1150 80.154166666666697 25.262500000000003 1458738804.7972298
18.7 1143 80.195833333333326 24.579166666666666 1451079076.1264622
18.6 1136 80.254166666666663 24.570833333333326 1443582170.8987913
18.5 1129 80.3125 24.770833333333329 1435808614.0198855
18.4 1122 80.370833333333337 24.720833333333331 1428375061.0106838
18.3 1115 80.412499999999966 24.745833333333337 1420375681.0465069
18.2 1109 80.462499999999977 24.879166666666663 1413011101.7885695
18.1 1102 80.520833333333371 24.9375 1404468888.0644286
18 1096 80.52916666666664 24.995833333333337 1396703694.3790247
17.9 1091 80.595833333333303 25.087500000000006 1389976989.2062211
17.8 1084 80.3125 24.970833333333331 1381023664.9593537
17.7 1079 80.270833333333371 24.970833333333331 1374449577.5241992
17.6 1073 80.22083333333336 24.970833333333331 1366601371.735496
17.5 1067 80.295833333333348 25.137500000000003 1358665625.6392212
17.4 1061 80.379166666666663 25.30416666666666 1350744359.8234835
17.3 1055 80.395833333333314 25.32083333333334 1342926888.1947324
17.2 1049 80.412499999999966 25.229166666666671 1334521309.3989909
17.1 1044 80.362500000000011 25.220833333333331 1326796745.4552236
17 1039 80.495833333333337 24.987499999999997 1318915747.8484929
16.9 1034 80.47083333333336 24.970833333333331 1311384817.6708233
16.8 1030 80.454166666666652 24.945833333333326 1304497892.4088037
16.7 1026 80.479166666666686 24.979166666666671 1296823471.3174782
16.6 1023 80.479166666666686 24.945833333333326 1289847630.1438987
16.5 1020 80.537500000000023 24.6875 1281674341.8584268
16.4 1014 79.762499999999989 25.1875 1273595142.1121643
16.3 1008 79.804166666666674 25.254166666666663 1265648467.1140428
16.2 1002 79.820833333333326 25.204166666666666 1257256205.030086
16.1 997 79.737500000000011 25.162499999999994 1250196404.5144286
16 992 79.712499999999977 25.154166666666669 1242520289.7251642
15.9 986 81.27916666666664 22.954166666666666 1233834114.7468941
15.8 981 81.245833333333337 22.920833333333334 1226902208.5665321
15.7 975 81.170833333333348 22.929166666666674 1218722020.4956255
15.6 969 81.104166666666686 22.954166666666666 1210683880.7880113
15.5 965 81.112500000000011 22.995833333333337 1203998515.5661244
15.4 960 81.195833333333326 22.720833333333331 1195218117.5089343
15.3 956 81.254166666666663 22.529166666666669 1187852098.6235335
15.2 953 81.27916666666664 22.44583333333334 1180665123.1516883
15.1 950 81.304166666666674 22.42916666666666 1171461603.8195133
15 948 81.320833333333326 22.495833333333337 1165197532.1408739
14.9 942 81.295833333333348 23.329166666666666 1155940406.3052974
14.8 938 80.495833333333337 23.420833333333334 1149502082.0074215
14.7 932 80.512499999999989 23.287500000000009 1140865480.7103879
14.6 927 80.554166666666674 23.170833333333334 1133422306.2374589
14.5 922 80.362500000000011 23.337500000000006 1125714860.0987751
14.4 916 80.387499999999989 23.19583333333334 1117626074.9373608
14.3 911 80.320833333333326 23.212500000000006 1110307909.5813131
14.2 905 80.237500000000011 23.237499999999997 1101718568.3227694
14.1 900 80.22083333333336 23.279166666666669 1094376792.2566669
14 895 80.229166666666686 23.0625 1087287693.9327815
13.9 889 80.170833333333348 23.045833333333334 1079364995.8437729
13.8 883 80.112500000000011 23.029166666666669 1071502231.6430895
13.7 877 80.079166666666652 22.995833333333337 1062905066.2589881
13.6 873 80.112500000000011 22.979166666666671 1056631181.9166141
13.5 868 80.120833333333337 22.870833333333337 1048602363.8425984
13.4 863 80.087500000000034 22.862499999999997 1040290519.739589
13.3 859 80.120833333333337 22.737499999999997 1032799897.2554305
13.2 856 80.145833333333314 22.654166666666669 1026147484.3288336
13.1 851 82.212499999999977 23.737499999999997 1016966724.8845642
13 846 82.229166666666686 23.704166666666666 1009469694.7967286
12.9 841 82.279166666666697 23.804166666666674 1001204465.9835861
12.8 837 82.3125 23.82083333333334 994662110.56319833
12.7 832 82.354166666666629 23.8125 985848440.92981052
12.6 828 82.395833333333314 23.762500000000003 978162609.4944489
12.5 824 82.445833333333326 23.69583333333334 971300929.95675659
12.4 819 82.495833333333337 23.612499999999997 963040656.19577742
12.3 814 82.545833333333348 23.554166666666674 954731754.10323524
12.2 810 82.570833333333326 23.512500000000003 947815544.77867508
12.1 806 82.587499999999977 23.504166666666677 939009050.8553381
12 802 81.445833333333326 23.69583333333334 930967044.91471791
11.9 798 81.445833333333326 23.662500000000009 924564595.25090837
11.8 793 81.454166666666652 23.787499999999994 916309728.72147894
11.7 788 81.445833333333326 23.779166666666669 908148951.82750082
11.6 783 81.337499999999977 23.770833333333329 900053382.77268362
11.5 779 81.329166666666652 23.737499999999997 893291839.28204656
11.4 774 83.020833333333314 24.629166666666663 885463453.4303112
11.3 769 83.020833333333314 24.587499999999991 877623979.44030237
11.2 764 83.295833333333348 25.279166666666669 869176256.48304105
11.1 758 83.387499999999989 25.154166666666669 861275576.42491937
11 752 83.412500000000023 25.245833333333337 853492608.53777575
10.9 747 83.4375 25.337500000000006 846417100.01362419
10.8 742 83.462500000000034 25.4375 838927698.74603891
10.7 737 83.579166666666652 25.6875 830520935.52593064
10.6 733 83.587499999999977 25.737499999999997 823517351.6442337
10.5 728 82.412500000000023 25.05416666666666 814734779.37112355
10.4 723 82.412500000000023 25.05416666666666 807537581.18060851
10.3 718 82.420833333333348 25.087500000000006 799569136.44484377
10.2 713 82.737500000000011 25.362499999999997 791694850.77950144
10.1 707 82.820833333333326 25.270833333333329 783621097.53174973
10 702 82.854166666666629 25.295833333333334 777084614.41768837
9.9 696 82.762499999999989 25.245833333333337 768465373.32947183
9.8 691 82.720833333333303 25.220833333333331 760629942.65841818
9.7 687 82.745833333333337 25.295833333333334 753333792.54203033
9.6 682 84.079166666666652 25.020833333333329 744862602.30470681
9.5 676 84.112500000000011 24.895833333333329 737074735.7770741
9.4 671 84.09583333333336 24.862499999999997 730235592.65582299
9.3 664 84.90416666666664 24.512500000000003 721814543.46589375
9.2 656 85.012500000000045 24.695833333333326 713927277.76021552
9.1 648 85.09583333333336 24.6875 706275983.08755255
9 640 85.179166666666674 24.6875 698394169.32706976
8.9 632 85.245833333333337 24.604166666666657 691091496.34941459
8.8 623 85.329166666666708 24.504166666666663 682960429.86269951
8.7 615 85.429166666666674 24.629166666666663 675589393.95660114
8.6 606 85.504166666666663 24.55416666666666 667235838.74467516
8.5 598 85.579166666666708 24.529166666666669 659809085.02468944
8.4 590 85.637499999999989 24.495833333333323 652487173.96157598
8.3 583 85.670833333333348 24.445833333333326 644897750.91022038
8.2 575 85.729166666666686 24.370833333333323 636339559.3820529
8.1 569 85.8125 24.495833333333323 629509513.85069823
8 562 85.84583333333336 24.412499999999994 621205280.07998729
7.9 555 85.912500000000023 24.17916666666666 613531270.58470821
7.8 547 85.954166666666652 24.095833333333331 605199739.99770832
7.7 539 86.170833333333348 24.470833333333331 597435560.74537325
7.6 531 86.262499999999989 24.495833333333323 590167006.93388391
7.5 523 86.320833333333326 24.470833333333331 582730232.93600202
7.4 515 86.395833333333371 24.404166666666669 574826084.97498918
7.3 507 86.420833333333348 24.329166666666666 566706984.26735091
7.2 500 86.445833333333326 24.345833333333331 558809625.03565121
7.1 494 86.379166666666663 24.337499999999991 551386555.43036485
7 487 86.262499999999989 24.320833333333326 543317749.17570829
6.9 481 86.229166666666686 24.262499999999989 536176424.88948798
6.8 474 86.729166666666686 24.337499999999991 527664151.17799735
6.7 468 86.8125 24.354166666666657 520713052.86804891
6.6 461 86.837499999999977 24.287499999999994 512358003.12847733
6.5 455 86.895833333333314 24.254166666666663 505011926.97293139
6.4 448 86.612500000000011 24.212499999999991 496571910.94278908
6.3 442 87.020833333333314 24.262499999999989 488897203.92141032
6.2 436 86.754166666666663 24.30416666666666 481571529.57442808
6.1 430 86.795833333333348 24.237499999999997 474271646.2902236
6 423 87.3125 24.420833333333334 466407752.14134026
5.9 415 87.504166666666663 24.604166666666657 458393895.98920941
5.8 407 87.5625 24.720833333333331 450332855.38864136
5.7 400 87.579166666666652 24.795833333333334 443022549.78580403
5.6 394 87.637499999999989 24.887500000000003 435640941.22885942
5.5 387 87.570833333333326 24.920833333333334 426883390.45627975
5.4 380 87.22083333333336 24.8125 419212335.17256188
5.3 374 87.179166666666674 24.829166666666666 412282397.40521789
5.2 368 87.287500000000023 24.945833333333326 404467696.50287795
5.1 361 87.9375 24.595833333333331 395804426.585989
5 354 88.004166666666663 24.620833333333323 388162282.92061234
4.9 348 88.004166666666663 24.570833333333326 381129408.63873816
4.8 341 88.112500000000011 24.5625 373134724.76930737
4.7 334 87.72083333333336 24.545833333333334 365172110.30461311
4.6 327 87.670833333333348 24.55416666666666 357306784.31328225
4.5 321 87.645833333333314 24.512500000000003 349992029.43243694
4.4 315 87.72083333333336 24.545833333333334 342189008.65991521
4.3 309 87.77916666666664 24.529166666666669 334627158.65186691
4.2 303 87.795833333333348 24.479166666666657 326524803.84449172
4.1 298 87.8125 24.5625 319183013.80676818
4 293 87.820833333333326 24.537499999999994 311353083.54342151
3.9 288 87.837499999999977 24.520833333333329 302830308.67471933
3.8 284 88.012499999999989 24.55416666666666 296099478.88562322
3.7 278 88.079166666666652 24.462499999999991 287780069.53100491
3.6 272 88.087499999999977 24.404166666666669 279291384.31681919
3.5 268 88.095833333333303 24.42916666666666 273166560.02386808
3.4 262 88.254166666666663 24.487499999999997 263846393.66321373
3.3 257 88.262499999999989 24.445833333333326 256369099.52178335
3.2 252 88.395833333333314 24.454166666666666 248665380.74019432
3.1 247 88.520833333333314 24.379166666666663 241533661.81793165
3 241 88.595833333333303 24.354166666666657 232942557.97201252
2.9 236 89.0625 24.137500000000003 226204760.4322443
2.8 230 89.020833333333314 24.029166666666669 218417544.40631771
2.7 224 88.962499999999977 24.070833333333326 210674680.14351273
2.6 218 88.904166666666697 24.070833333333326 202610848.27306509
2.5 212 89.337500000000034 23.837500000000006 194557446.05404234
2.4 205 89.345833333333303 23.6875 186979246.82828665
2.3 198 89.387499999999989 23.662500000000009 179340316.92189884
2.2 191 89.445833333333326 23.69583333333334 171289462.6017065
2.1 185 89.412499999999966 23.6875 163842049.99573612
2 179 89.479166666666629 23.629166666666663 156078785.12269306
1.9 173 89.495833333333337 23.554166666666674 147904800.20575285
1.8 168 89.420833333333348 23.5625 140463607.37172079
1.7 162 89.337500000000034 23.554166666666674 131946712.20350742
1.6 156 89.254166666666663 23.545833333333334 124241910.16375828
1.5 150 89.145833333333314 23.554166666666674 116755531.9369297
1.4 144 89.179166666666674 23.470833333333331 109073541.61919975
1.3 139 89.229166666666629 23.379166666666677 102205876.98535872
1.2 133 90.137499999999989 23.804166666666674 93312228.902423382
1.1 124 90.229166666666629 23.712500000000006 85384704.956897259
1 116 90.1875 23.662500000000009 77871264.744709015
0.9 98 113.64583333333331 22.94583333333334 69855834.169643402
0.8 79 113.72916666666669 22.8125 62642074.649195671
0.7 70 113.6541666666667 22.712500000000006 54923262.946745872
0.6 61 113.5958333333333 22.787500000000009 46665112.648510456
0.5 56 113.64583333333331 22.829166666666666 39816348.435489178
0.4 42 77.270833333333314 28.662500000000001 31319247.084516764
0.3 26 121.37083333333334 31.212500000000006 23382820.662091255
0.2 15 121.4375 31.229166666666671 16271247.731689453
0.1 7 90.412499999999966 23.754166666666663 8975059.682923317
