1 22.779166666666669 113.5958333333333 41519558.465648651 Guangzhou/Shenzhen
2 -6.44583333333334 106.92916666666667 37927720.896907806 Jakarta
3 28.645833333333336 77.47083333333336 37187900.806067705 Delhi
4 30.504166666666663 31.279166666666669 36080523.42211473 Cairo
5 31.204166666666666 121.0958333333333 35915519.177547932 Shanghai
6 23.745833333333337 90.729166666666629 35783005.867358208 Dhaka
7 35.779166666666669 139.67916666666667 35744952.170774937 Tokyo
8 22.579166666666666 88.304166666666674 33514138.440038681 Kolkata
9 14.420833333333334 120.97916666666669 26320527.115955353 Manila
10 19.387500000000003 73.087500000000006 25910842.432720661 Mumbai
11 37.304166666666667 127.02083333333331 25704851.752794504
12 39.787500000000001 116.62916666666666 25639542.356543541
13 19.362499999999997 -99.237499999999997 25360827.72341004
14 -23.337499999999991 -46.79583333333332 23754506.047156215
15 25.962500000000006 85.504166666666663 22707557.246018171
16 31.837499999999999 74.495833333333309 19341954.601792097
17 -6.8875000000000028 108.0625 19023325.737904549
18 13.870833333333337 100.37916666666666 18050568.858289719
19 34.729166666666664 135.27916666666664 17625646.979341984
20 25.679166666666674 83.0625 17600607.582972765
21 40.704166666666673 29.162499999999994 17400898.721058488
22 55.837499999999999 37.712500000000034 17242407.62008591
23 30.695833333333326 104.09583333333336 17204430.927536726
24 26.479166666666664 84.370833333333337 16782765.984035254
25 -7.6208333333333371 112.4041666666667 16750636.661060333
26 32.037500000000001 120.26249999999999 16716759.514935732
27 20.845833333333331 106.13749999999999 16685392.262966156
28 40.729166666666664 -73.92916666666666 16671887.965957314 New York City
29 26.445833333333333 80.804166666666674 16385248.401200294
30 10.620833333333337 106.74583333333334 16376940.959681988
31 12.954166666666666 77.912499999999966 15974270.149727821
32 -34.737499999999997 -58.495833333333337 15888418.780039668
33 6.7791666666666686 3.5124999999999886 15666572.934076905
34 22.720833333333331 72.945833333333326 15342662.277319193
35 25.762500000000003 86.5625 15320582.174035549
36 12.970833333333331 79.820833333333326 15201981.373980522
37 51.545833333333334 -0.12916666666666288 15035351.390209258
38 23.862499999999997 88.72083333333336 14887531.279640675
39 35.637499999999996 51.412499999999994 14882345.456193566
40 24.570833333333326 89.987500000000011 14859659.690649033
41 -7.4375 110.61250000000001 14729938.607139587
42 30.262500000000003 120.65416666666664 14643632.580082417
43 27.504166666666663 78.1875 14446370.740401506
44 28.662500000000001 78.995833333333337 14369620.614110708
45 23.362500000000011 116.22916666666669 14309369.289630413
46 24.795833333333334 67.479166666666657 14259475.349215508
47 25.1875 84.679166666666674 14242200.682328224
48 25.754166666666663 81.90416666666664 14117736.79596138
49 34.912500000000001 113.72916666666669 14061514.681680679
50 26.770833333333336 83.145833333333314 14028173.560082436
51 34.079166666666666 -117.92083333333333 13897077.714204855 Los Angeles
52 32.104166666666664 119.1875 13605684.193996668
53 25.5625 89.129166666666663 13570463.631502628
54 30.504166666666663 114.66250000000002 13521778.894485712
55 39.362499999999997 117.62916666666666 13494525.256843448
56 -22.612499999999997 -43.287499999999994 13487039.460805893
57 34.479166666666664 108.87916666666666 13044073.033227682
58 31.087500000000006 30.379166666666691 12968670.847248316
59 25.762500000000003 87.695833333333326 12793922.043887615
60 24.80416666666666 118.12083333333334 12729308.013072491
61 31.07083333333334 73.287499999999994 12613707.990982771
62 5.9375 7.2625000000000171 12530998.333946466
63 22.729166666666671 114.38749999999999 12513660.661534309
64 29.695833333333333 77.362499999999955 12476880.521972418
65 22.712500000000006 91.429166666666674 12458651.834917545
66 48.970833333333331 2.4041666666666686 12343740.141766652
67 -25.987500000000011 27.995833333333337 12314249.95005846
68 38.220833333333339 114.95416666666665 12266520.057829022
69 41.537500000000001 123.3458333333333 12238503.242316961
70 24.829166666666666 88.270833333333314 12136923.669968605
71 34.162500000000001 72.004166666666691 12132407.355518103
72 23.112499999999997 89.679166666666674 12071230.01687336
73 27.070833333333333 81.754166666666663 12050454.247345209
74 17.545833333333334 78.245833333333337 11990274.393865108
75 23.779166666666669 86.454166666666652 11748457.180062294
76 36.154166666666669 114.70416666666665 11517169.623296976
77 29.587499999999999 106.07916666666665 11327220.055965185
78 24.80416666666666 121.32916666666665 11324221.90692234
79 36.587500000000006 117.49583333333334 11313246.848712444
80 51.195833333333333 7.0541666666666742 11160929.614854328
81 32.037500000000001 35.387500000000017 11035315.14002192
82 27.479166666666664 79.929166666666674 10905857.070422173
83 -7.2541666666666629 109.38749999999999 10812847.6215868
84 30.637500000000003 76.345833333333303 10743976.462467432
85 24.695833333333326 91.8125 10582402.756703377
86 34.99583333333333 136.80416666666667 10558782.121603727
87 20.862499999999997 73.129166666666663 10476413.866119146
88 10.879166666666663 76.145833333333314 10476395.453464508
89 28.1875 112.76249999999999 10474510.453616142
90 4.5291666666666686 -73.94583333333334 10390348.868198454
91 -11.770833333333329 -76.845833333333331 10388552.219335318
92 33.829166666666666 113.69583333333333 10349403.856039286
93 24.904166666666669 85.8125 10332386.971153259
94 34.020833333333329 73.254166666666663 10309580.908492804
95 29.87083333333333 71.579166666666652 10137788.462380409
96 28.379166666666663 120.96249999999998 10073728.286275864
97 18.529166666666669 74.1875 10045202.627412319
98 7.0291666666666686 80.329166666666652 10030446.492226601
99 4.9375 7.5041666666666629 9965993.2864198685
100 36.320833333333326 119.84583333333336 9965201.8493611813
101 53.479166666666664 -2.1624999999999943 9963417.2718266863
102 11.920833333333334 8.4708333333333599 9937232.5820891857
103 35.587499999999999 128.99583333333334 9773888.2762961388
104 34.6875 117.03749999999997 9754949.0114104748
105 26.595833333333339 85.662500000000023 9516578.839851141
106 51.987499999999997 5.0708333333333258 9331760.4463342577
107 35.75416666666667 116.52083333333331 9272467.4408371449
108 1.3624999999999972 103.74583333333334 9223543.7055711746
109 23.462500000000006 87.670833333333348 9182036.81320858
110 17.045833333333334 96.087499999999977 9154027.9830307961
111 38.945833333333333 115.91250000000002 9143059.9164491892
112 20.520833333333343 86.137499999999989 9070345.6401052475
113 9.69583333333334 76.620833333333337 9043075.0018157959
114 29.454166666666673 31.07916666666668 9012580.6834864616
115 33.487499999999997 44.212500000000006 9012240.3717367649
116 33.270833333333329 115.07083333333333 8990193.8066768646
117 23.287500000000009 112.8458333333333 8963634.4730625153
118 22.112499999999997 87.420833333333348 8932086.4994215965
119 26.554166666666667 88.504166666666663 8922856.0201175213
120 11.345833333333331 77.762499999999989 8916852.1582980156
121 32.704166666666673 74.279166666666669 8859719.0168735981
122 32.154166666666661 116.90416666666664 8730456.8703870773
123 34.612500000000004 112.64583333333331 8729433.0272629261
124 -0.95416666666666572 37.045833333333348 8663799.3034181595
125 27.295833333333334 76.120833333333337 8640865.9286167622
126 34.770833333333336 118.57083333333333 8604393.1035215855
127 3.0374999999999943 101.8125 8602512.6299228668
128 41.912499999999994 -87.912499999999994 8599284.3401051983 Chicago
129 24.862499999999997 87.037500000000023 8595523.7292480469
130 -33.312499999999986 -71.087500000000006 8540537.2857122421
131 25.620833333333337 119.2208333333333 8511103.9019403458
132 28.254166666666663 115.88749999999999 8478297.4812917709
133 22.745833333333337 90.504166666666663 8467814.0155596733
134 7.6541666666666686 4.279166666666697 8406853.4356744289
135 33.495833333333337 35.887500000000017 8296834.3432221413
136 45.50416666666667 9.4875000000000114 8296808.9856221974
137 34.837499999999999 115.45416666666665 8233514.2828903198
138 21.695833333333326 110.48750000000001 8204722.7591285706
139 8.6624999999999943 77.237500000000011 8188030.0749483109
140 37.112499999999997 115.01249999999999 8029406.7378177643
141 27.787499999999994 80.97083333333336 8013804.6669375896
142 11.804166666666674 79.362500000000011 7986564.4961256981
143 -4.67916666666666 15.320833333333354 7945200.110268116
144 16.620833333333337 74.587499999999977 7938060.7586050034
145 16.904166666666669 81.787500000000023 7875613.7757396698
146 37.487500000000004 112.19583333333333 7811788.4257850647
147 27.362499999999997 84.987500000000011 7807602.0962622166
148 33.770833333333329 119.27083333333331 7704098.2619600296
149 45.770833333333336 126.41250000000002 7702605.5561521053
150 16.487499999999997 80.6875 7662616.111011982
