1 28.587500000000006 77.22083333333336 23147925.741774321 Delhi
2 -6.2958333333333343 106.82083333333333 21074336.051258087 Jakarta
3 19.120833333333337 72.979166666666657 20635482.518758774 Mumbai
4 31.204166666666666 121.35416666666669 19714227.100432873 Shanghai
5 23.8125 90.454166666666708 19093333.935588837 Dhaka
6 30.170833333333334 31.229166666666657 18813106.880307674 Cairo
7 35.6875 139.62916666666666 18769443.700791836 Tokyo
8 37.479166666666664 126.92083333333335 18196221.997004747 Seoul
9 19.454166666666666 -99.087500000000006 17329804.226261526 Mexico City
10 -23.5625 -46.604166666666657 17215192.770525694 Sao Paulo
11 22.57083333333334 88.254166666666663 17189824.943004131 Kolkata
12 39.929166666666667 116.37916666666666 17016846.567109942 Beijing
13 14.554166666666674 121.04583333333335 16942043.659375191 Manila
14 23.037500000000009 113.25416666666666 14378263.057955265 Guangzhou
15 22.487499999999997 114.12083333333334 13647616.205805302 Shenzhen/Hong Kong
16 55.74583333333333 37.662500000000023 13514136.414627619 Moscow
17 24.9375 67.070833333333326 13474585.78703475 Karachi
18 40.99583333333333 28.987500000000011 12475583.624901295
19 13.779166666666669 100.54583333333329 12435578.885620117
20 6.5958333333333314 3.3375000000000057 11887603.276779413
21 -34.654166666666669 -58.54583333333332 11710495.277695179
22 13.104166666666657 77.604166666666686 11530154.409473419
23 10.854166666666671 106.74583333333334 11443963.555105686
24 40.770833333333336 -73.979166666666671 10918284.428982645
25 35.712499999999999 51.237500000000011 10619763.591735721
26 34.679166666666667 135.5625 10346380.622634649
27 13.05416666666666 80.112500000000011 10256578.251498222
28 -12.029166666666669 -76.987500000000011 9710075.5600273609
29 31.587499999999999 74.204166666666652 9685932.6454360485
30 30.704166666666666 104.07916666666665 9523350.3273291588
31 48.837499999999999 2.3208333333333542 9496357.8460272253
32 -22.80416666666666 -43.262500000000017 9225187.256619215
33 4.7041666666666657 -74.170833333333334 9146710.3499062657
34 51.504166666666663 -0.13749999999998863 9113935.3985718638
35 17.429166666666674 78.487500000000011 8936073.9367690086
36 22.887500000000003 113.87083333333334 8707559.5406451225
37 -6.9874999999999972 107.62916666666666 8476713.7105827332
38 24.995833333333337 121.39583333333331 8401345.5880098343
39 30.537499999999994 114.24583333333334 8137674.8164477348
40 23.129166666666663 72.487499999999983 7807312.9741575718
41 39.045833333333334 117.13749999999999 7735626.3793683052
42 -4.3291666666666657 15.387500000000017 7578039.5797941685
43 18.645833333333329 73.870833333333337 7352443.1712760925
44 1.4708333333333314 103.79583333333335 7274748.0794200897
45 -8.9458333333333258 13.3125 7170800.7240023613
46 32.045833333333327 118.83749999999998 6832234.829885006
47 -7.3541666666666572 112.60416666666669 6813411.7559356689
48 34.229166666666671 108.8125 6786449.8977401257
49 33.962500000000006 -118.16249999999999 6744374.8325461596
50 -33.462499999999991 -70.712500000000006 6723907.0728201866
51 3.0541666666666742 101.61250000000001 6583679.8812799454
52 21.045833333333334 105.89583333333331 6514089.0372786522
53 30.24583333333333 120.29583333333335 6491846.6731734276
54 23.387500000000003 116.51249999999999 6473987.599237442
55 21.112499999999997 72.862500000000011 6451476.9154148102
56 16.9375 96.195833333333326 6431563.0137786865
57 15.620833333333337 32.512500000000017 6407671.6898286343
58 33.445833333333326 44.379166666666663 6373317.944978714
59 25.670833333333334 85.295833333333348 6282784.759663105
60 41.837499999999999 123.48750000000001 6262894.3839063644
61 24.670833333333334 46.737499999999983 6053248.8178203106
62 31.712499999999999 120.14583333333337 6047539.4870126247
63 31.104166666666671 30.004166666666663 6030410.3752206564
64 29.612500000000004 106.4375 5938669.775277853
65 30.629166666666663 31.137499999999989 5891650.5846003294
66 22.404166666666669 91.912500000000023 5861200.5026321411
67 -6.80416666666666 39.137499999999989 5747745.1914067268
68 26.829166666666673 81.079166666666652 5730511.613171339
69 -26.195833333333326 28.0625 5728496.9760782719
70 25.387500000000003 83.045833333333348 5683822.1428756714
71 34.704166666666666 113.52083333333337 5660810.6417355537
72 31.429166666666667 120.75416666666666 5657520.5125288963
73 35.179166666666667 136.95416666666665 5612423.9132971764
74 27.9375 120.70416666666665 5574438.096203804
75 26.587499999999999 80.429166666666674 5508092.7316567898
76 40.412500000000001 -3.6291666666666629 5444804.5355312824
77 -1.19583333333334 36.804166666666646 5396618.2233951092
78 35.462499999999999 139.42083333333329 5344632.6514225006
79 31.395833333333329 73.1875 5303587.1891896725
80 11.9375 8.4291666666666458 5202253.4395987988
81 20.620833333333337 -103.3625 5067208.0166606456
82 28.045833333333334 113.03750000000002 5053363.380862236
83 -6.2208333333333456 106.40416666666664 5030741.0033903122
84 45.787500000000001 126.62083333333334 5022849.9987002611
85 25.770833333333329 -100.27916666666667 4978338.4514635652
86 35.804166666666667 140.05416666666667 4917436.0599958897
87 22.587500000000006 113.22916666666663 4915015.9113111496
88 59.870833333333337 30.254166666666663 4892592.4068949651
89 31.012500000000003 31.387499999999989 4882860.9451107979
90 34.62916666666667 69.179166666666674 4882322.2091765404
91 -6.7291666666666714 106.86250000000001 4881000.4589366913
92 39.962499999999999 32.787500000000023 4862870.859210372
93 24.612499999999997 118.0291666666667 4806776.2494831085
94 34.095833333333331 71.554166666666646 4745248.0597920418
95 33.69583333333334 72.945833333333326 4735491.0774300098
96 -19.862500000000011 -44.012500000000017 4732985.2332489491
97 5.3458333333333314 -3.9124999999999943 4728534.0241272449
98 26.979166666666664 75.837499999999977 4693963.4193921089
99 25.245833333333337 55.370833333333337 4687144.7535181046
100 43.712499999999999 -79.529166666666669 4610377.8873572126
101 38.079166666666673 114.5958333333333 4585666.9130804539
102 25.404166666666669 81.970833333333303 4567880.8846654892
103 27.12083333333333 78.170833333333348 4565469.2570884228
104 37.720833333333339 112.51249999999999 4557821.9767341614
105 31.8125 117.26249999999999 4525423.56757617
106 28.862499999999997 77.604166666666686 4522001.6086609364
107 -6.30416666666666 107.20416666666665 4499669.2039880753
108 24.845833333333331 118.55416666666667 4498835.0568985939
109 3.6208333333333371 98.612500000000011 4474028.664973259
110 36.637500000000003 3.0374999999999943 4463633.8072750568
111 35.212499999999999 128.91250000000002 4444808.3864638805
112 33.579166666666666 -7.5625 4441897.4232929945
113 5.9791666666666714 6.9291666666666458 4401905.9429821968
114 41.845833333333331 -87.837500000000006 4367725.7432217002
115 36.262500000000003 120.28750000000002 4353924.8929975033
116 5.6291666666666629 -0.23750000000001137 4353496.5182458162
117 22.912500000000009 88.554166666666674 4345130.8833127022
118 41.487499999999997 2.1625000000000227 4329555.4949462414
119 45.595833333333331 9.1458333333333428 4310479.1626005173
120 26.037500000000001 119.42083333333335 4293624.9140191078
121 8.9208333333333343 38.837500000000006 4275068.9285957813
122 25.587500000000006 86.145833333333371 4247402.9116654396
123 10.320833333333326 -66.862499999999997 4238418.2053488493
124 6.9208333333333343 80.004166666666663 4235632.042825222
125 32.070833333333333 35.929166666666674 4228814.6247622967
126 28.762500000000003 78.620833333333337 4226632.8814437389
127 23.012500000000003 91.162499999999966 4202097.2066936493
128 23.454166666666666 90.97083333333336 4165711.4995894432
129 26.229166666666664 85.529166666666697 4141033.3762700558
130 36.6875 116.95416666666665 4133853.2616019249
131 30.620833333333337 31.620833333333337 4119469.5713210106
132 26.229166666666664 86.079166666666652 4103941.1303710938
133 27.770833333333329 85.254166666666663 4100629.0369756222
134 32.270833333333336 74.270833333333314 4098668.0857334137
135 0.37916666666666288 32.637499999999989 4091795.3638117313
136 18.470833333333331 -69.912499999999994 4082571.2835685611
137 22.42916666666666 73.07916666666668 4079193.8693728447
138 23.895833333333329 91.070833333333326 4070558.8815369606
139 41.279166666666669 69.229166666666686 3999115.3845431805
140 6.1708333333333343 -75.454166666666652 3973054.2078809738
141 28.629166666666663 115.92083333333335 3959454.4456539154
142 24.945833333333326 102.67916666666667 3919422.728577137
143 -33.987499999999997 18.645833333333343 3911518.26009202
144 52.487500000000004 13.362500000000011 3897319.6166016683
145 51.37083333333333 6.9458333333333542 3895128.9827876687
146 23.712500000000006 87.020833333333314 3878096.8779854774
147 24.070833333333326 120.62083333333334 3877451.7469367981
148 25.279166666666669 82.429166666666674 3869659.7791435719
149 26.645833333333336 83.229166666666686 3867547.4033417702
150 -7.2374999999999972 108.03749999999997 3861482.3964595795
151 25.987499999999997 84.695833333333326 3853813.602647543
152 43.854166666666664 125.22083333333336 3843613.376696825
153 43.954166666666673 87.520833333333314 3842547.6892769337
154 11.1875 75.97083333333336 3825494.3916926384
155 14.612499999999997 -90.620833333333337 3822880.3289277554
156 -33.854166666666671 151.0291666666667 3818397.9508781433
157 21.529166666666669 39.254166666666663 3799110.8505606651
158 22.295833333333334 87.895833333333314 3790985.764957428
159 22.679166666666674 75.729166666666657 3785547.962233305
160 29.812500000000007 121.60416666666669 3773835.0446696281
161 22.895833333333329 114.30416666666667 3772389.8593082428
162 -7.6624999999999943 110.46249999999998 3772347.8464097977
163 11.037499999999994 77.145833333333314 3742304.4915423393
164 39.104166666666671 125.6541666666667 3704530.8300437927
165 -8.0208333333333428 -34.995833333333337 3699584.3060517311
166 37.970833333333339 23.754166666666663 3685428.8034629822
167 14.220833333333331 120.96249999999998 3684918.9221715927
168 21.120833333333337 79.037500000000023 3680771.6115717888
169 30.979166666666671 30.679166666666646 3673896.0094666481
170 3.7291666666666714 11.512499999999989 3671112.3878529072
171 -3.9041666666666686 -38.570833333333354 3642475.6608244181
172 39.020833333333329 121.62916666666666 3628478.6298663616
173 30.070833333333333 71.404166666666669 3626100.3803634644
174 -12.8125 -38.412500000000023 3613366.2634497881
175 14.787500000000009 -17.287499999999994 3613307.0734684467
176 7.3458333333333314 3.9958333333333371 3606534.9917176962
177 24.645833333333329 88.070833333333326 3586183.6098804474
178 40.87916666666667 14.354166666666657 3575014.7696787715
179 -6.2875000000000085 23.604166666666657 3566831.6762404442
180 23.720833333333331 86.320833333333326 3556594.1114478111
181 25.904166666666669 82.820833333333326 3547042.3690168858
182 23.979166666666671 88.3125 3543917.1481118202
183 26.295833333333327 84.362500000000011 3541956.6301534176
184 26.0625 82.012499999999989 3528908.3460693359
185 5.6041666666666714 7.1624999999999943 3525630.3614587784
186 25.8125 85.704166666666652 3501651.309595108
187 28.19583333333334 79.295833333333348 3486323.6022901535
188 29.195833333333333 47.912500000000023 3482424.4785680771
189 33.479166666666671 36.320833333333354 3474736.1810265779
190 29.262499999999996 30.979166666666657 3464488.0586767197
191 26.954166666666673 82.0625 3460772.5646731853
192 30.5625 76.745833333333337 3458170.5803906918
193 9.9708333333333314 76.420833333333348 3457581.2171177864
194 31.970833333333339 34.970833333333331 3455778.3828701973
195 36.020833333333329 139.57083333333333 3453683.0709998608
196 6.7708333333333428 -1.5374999999999943 3439560.757068038
197 45.570833333333333 -73.645833333333329 3435907.2070186287
198 -6.8125 108.42916666666667 3419161.3652410507
199 38.454166666666666 27.262499999999989 3417709.6292977333
200 26.579166666666673 106.59583333333336 3411662.2071847916
201 -7.1208333333333371 110.49583333333334 3400657.8129673004
202 26.087499999999999 83.40416666666664 3385890.6171386242
203 12.587500000000006 -7.9791666666666572 3382603.4268686771
204 53.545833333333334 -2.3958333333333428 3364283.0473176856
205 26.604166666666664 85.279166666666697 3357155.9449689388
206 38.9375 -77.137500000000003 3355857.1550261676
207 31.07083333333334 121.61250000000001 3345827.7500567436
208 24.30416666666666 89.795833333333292 3339992.2707448006
209 23.354166666666671 88.504166666666663 3337488.6602120399
210 24.654166666666669 90.47083333333336 3336720.710896492
211 22.1875 88.420833333333348 3332648.1993670464
212 29.854166666666664 77.695833333333326 3318266.7814688683
213 16.395833333333329 80.554166666666674 3308974.104475975
214 22.8125 120.3125 3307587.778280735
215 25.720833333333331 89.420833333333348 3305750.6891355515
216 40.004166666666663 -75.137499999999989 3302940.797810927
217 36.379166666666663 59.504166666666691 3295191.7732257843
218 32.62916666666667 -117.00416666666666 3284770.7535657361
219 28.57083333333334 121.39583333333331 3267116.6910748482
220 32.570833333333333 74.712500000000006 3257800.6797997952
221 14.94583333333334 120.87916666666666 3253929.7162370682
222 21.220833333333331 81.495833333333337 3246442.1933159828
223 52.487500000000004 -1.8291666666666515 3237703.6593406163
224 -29.8125 30.862499999999983 3236552.3089032173
225 27.779166666666669 78.170833333333348 3234460.9445698261
226 26.712499999999999 83.779166666666697 3233813.9309532642
227 18.520833333333329 -72.420833333333334 3222860.1059327126
228 29.770833333333336 -95.512500000000003 3219542.7287628949
229 50.445833333333333 30.504166666666663 3218184.052916348
230 16.787499999999994 74.395833333333343 3217369.5778982639
231 25.012500000000003 87.104166666666686 3208902.0663022995
232 25.720833333333331 87.6875 3201218.4822773933
233 41.80416666666666 12.595833333333303 3200663.5966588855
234 19.162499999999994 -98.279166666666669 3198072.7438212335
235 -8.0208333333333428 112.64583333333331 3196557.9256210327
236 34.079166666666666 72.220833333333331 3191336.5676832199
237 20.3125 85.962500000000034 3185534.127641201
238 -7.6041666666666572 110.87916666666666 3182874.0716686249
239 -29.945833333333326 -51.145833333333314 3161747.7781777382
240 26.779166666666661 84.387499999999989 3137153.8312363625
241 33.779166666666669 35.67083333333332 3133954.9452534914
242 25.012500000000003 85.045833333333348 3123293.2496933937
243 3.3875000000000028 -76.404166666666669 3107099.1836761236
244 24.262499999999989 90.745833333333337 3106297.5504956245
245 -25.45416666666668 -49.295833333333348 3101661.3783129454
246 32.604166666666664 51.595833333333331 3099033.5626442432
247 -37.804166666666674 145.03750000000002 3092580.4925432205
248 23.945833333333326 90.079166666666652 3089778.40716362
249 25.504166666666663 86.59583333333336 3077323.9895153046
250 -18.887499999999989 47.462499999999977 3074953.6729335785
251 4.07083333333334 9.5875000000000341 3074480.6996707916
252 -2.1041666666666572 -79.795833333333334 3067518.5826176405
253 34.695833333333333 112.57083333333333 3053224.4823570251
254 25.037499999999994 85.645833333333371 3051809.1012115479
255 30.729166666666671 120.74583333333334 3048202.7736620903
256 25.387500000000003 84.795833333333348 3046147.3088235855
257 25.3125 68.545833333333348 3041815.2762341499
258 30.8125 76.020833333333314 3038548.9651515484
259 10.712499999999991 76.162500000000023 3031140.4357123375
260 51.970833333333331 4.5041666666666913 3025024.0387856364
261 10.395833333333329 123.86250000000001 3021330.52784729
262 24.962499999999991 89.354166666666686 3005991.0990948677
263 32.329166666666673 119.41250000000002 3004380.528837204
264 -17.837499999999991 31.095833333333331 3002037.6659359932
265 23.904166666666669 89.079166666666652 2980778.987947464
266 31.970833333333339 120.62083333333334 2977319.5101714134
267 26.479166666666664 84.8125 2976079.7304332256
268 35.979166666666664 128.58749999999998 2973742.5271921158
269 22.912500000000009 108.35416666666669 2963464.2047233582
270 4.8291666666666657 7.1958333333333542 2961539.1242809296
271 36.6875 114.61250000000001 2958891.8468616009
272 20.862499999999997 106.50416666666666 2952049.7999191284
273 23.44583333333334 116.17916666666667 2948906.0497283936
274 -7.9541666666666515 112.08750000000003 2932389.9672384262
275 34.029166666666669 74.745833333333309 2930125.134108305
276 12.462500000000006 -1.4708333333333314 2927697.0748962164
277 26.470833333333339 82.754166666666663 2908466.4559092522
278 8.57083333333334 76.945833333333326 2902996.9508528709
279 24.854166666666671 91.795833333333348 2893096.8137950897
280 36.837500000000006 118.05416666666667 2892994.2574760914
281 -7.5041666666666629 109.2791666666667 2879519.1750383377
282 15.462500000000006 44.304166666666674 2876125.8581798077
283 23.045833333333334 89.037500000000023 2874612.3260560036
284 29.420833333333327 77.545833333333292 2872157.9858279228
285 25.995833333333337 86.779166666666697 2864444.1314315796
286 26.49583333333333 87.254166666666663 2849349.9466986656
287 23.154166666666669 113.72083333333336 2844418.4745583534
288 24.404166666666669 88.787500000000023 2842633.9720435143
289 20.029166666666669 73.929166666666646 2833140.50004673
290 26.979166666666664 82.84583333333336 2822535.2430071831
291 26.354166666666664 78.045833333333292 2822003.053150177
292 9.8958333333333286 77.97083333333336 2819618.533598423
293 41.195833333333333 122.96249999999998 2818286.5005179644
294 25.095833333333331 88.012499999999989 2814790.6007304192
295 27.345833333333331 79.395833333333314 2811629.0413424969
296 9.0791666666666657 76.670833333333348 2810239.945098877
297 39.679166666666674 118.17916666666667 2809626.8608106375
298 23.179166666666674 77.3125 2807396.1044638157
299 25.94583333333334 84.070833333333326 2803629.7202813625
300 22.987499999999997 89.612500000000011 2798669.8063559532
301 11.554166666666674 78.020833333333371 2798514.9217739105
302 26.604166666666664 85.795833333333348 2795247.9271297455
303 -7.0374999999999943 109.04583333333335 2788883.5702819824
304 27.670833333333334 81.395833333333314 2786386.6544611454
305 34.979166666666664 135.92083333333335 2784974.8153355122
306 25.954166666666666 -80.270833333333329 2778420.4797411859
307 31.654166666666669 75.04583333333332 2766275.4005527496
308 25.495833333333337 83.770833333333314 2765015.0333342552
309 37.087500000000006 127.07083333333333 2761881.0018689632
310 27.754166666666663 80.695833333333326 2755200.4405968189
311 22.520833333333329 88.745833333333337 2753377.4593982697
312 -15.912500000000009 -47.95416666666668 2750780.6722640991
313 51.012500000000003 4.3541666666666572 2745749.7623363137
314 27.904166666666669 79.979166666666686 2744546.6956064701
315 40.50416666666667 49.854166666666657 2737058.7722601891
316 32.912500000000001 -96.770833333333343 2737034.1329565644
317 -15.362499999999997 28.287499999999994 2734145.8342871666
318 28.945833333333333 77.095833333333303 2733991.1295638084
319 35.995833333333337 103.82083333333333 2720991.7547945976
320 33.4375 130.40416666666664 2717667.7360935211
321 35.50416666666667 116.7791666666667 2713870.7540521622
322 34.320833333333333 117.02083333333331 2712211.7589199543
323 23.504166666666677 85.362500000000011 2709310.2908778191
324 17.804166666666674 83.137499999999989 2697373.919503212
325 22.829166666666666 86.279166666666697 2681727.9609732628
326 -25.804166666666674 28.204166666666652 2681305.1427965164
327 11.462500000000006 104.84583333333336 2680622.5846347809
328 28.454166666666666 77.904166666666697 2676537.3435542583
329 36.1875 37.145833333333314 2662451.6492074728
330 12.345833333333331 76.787500000000023 2660650.933113575
331 23.129166666666663 90.770833333333371 2660483.8600335121
332 22.270833333333329 113.37916666666666 2660263.330827713
333 42.44583333333334 -83.170833333333334 2652868.6315586343
334 -25.879166666666663 32.487500000000011 2652339.6866135597
335 36.779166666666669 10.095833333333331 2644639.535351336
336 37.687499999999993 -122.22083333333333 2638583.7599856276
337 36.270833333333329 114.33750000000003 2637380.6668426991
338 10.545833333333334 -71.5625 2634115.7484023571
339 26.920833333333341 84.84583333333336 2633332.7665205002
340 34.804166666666667 135.04583333333329 2630826.4386343956
341 -0.19583333333333997 -78.42916666666666 2625910.6751952767
342 26.737500000000004 31.595833333333331 2623803.065349102
343 -11.67916666666666 27.429166666666674 2623620.8453574181
344 6.5041666666666771 2.4541666666666799 2613487.5258460045
345 26.104166666666664 80.804166666666674 2612984.5799884796
346 24.9375 89.945833333333326 2606320.8463644981
347 25.9375 88.870833333333337 2605939.2564840317
348 25.5625 87.045833333333348 2604535.2479257584
349 30.104166666666664 121.21249999999998 2603412.5358123779
350 33.479166666666671 -111.99583333333334 2601775.5573335215
351 34.362499999999997 73.212500000000006 2597519.2876262665
352 34.979166666666664 118.23750000000001 2596404.5543754101
353 27.212499999999999 80.020833333333371 2593029.8873298168
354 24.920833333333334 84.420833333333292 2592343.2280087471
355 -8.5875000000000057 115.22083333333336 2585185.880235672
356 9.6291666666666629 -13.487499999999983 2584158.9120951891
357 11.845833333333331 79.645833333333314 2579467.4081611633
358 29.729166666666664 31.229166666666657 2574444.8641644716
359 38.870833333333337 115.48750000000001 2566190.917878747
360 23.395833333333343 90.379166666666663 2562222.0470004082
361 6.2791666666666686 1.3125 2557285.7927827835
362 21.604166666666657 110.83750000000003 2554778.1396889687
363 13.795833333333334 44.029166666666669 2552934.7801218033
364 36.462500000000006 127.39583333333331 2551388.4484472275
365 23.645833333333343 116.78749999999997 2544186.6004104614
366 50.912500000000001 7.0125000000000171 2540219.9510768056
367 20.412500000000009 106.3125 2540182.6390547752
368 -5.2458333333333229 119.51250000000005 2535875.2546215057
369 9.4791666666666714 76.479166666666686 2528066.5794229507
370 27.095833333333339 83.779166666666697 2524949.1867818832
371 26.154166666666669 85.15416666666664 2524166.3774390221
372 33.795833333333334 -117.77083333333333 2523259.6484152079
373 31.245833333333337 31.737500000000011 2519748.9805752039
374 38.795833333333334 -9.1875 2517507.9355384409
375 27.420833333333334 77.537500000000023 2512973.6415483952
376 -25.354166666666657 -57.520833333333329 2508306.510350585
377 -22.895833333333329 -47.229166666666657 2504028.3535152674
378 50.020833333333329 8.5541666666666742 2503109.3901165277
379 47.504166666666663 19.095833333333331 2499085.2678059936
380 35.270833333333336 113.69583333333333 2494040.482470274
381 40.50416666666667 109.94583333333333 2490372.2147314548
382 26.395833333333336 81.387499999999989 2487383.3872363567
383 19.329166666666666 -99.545833333333334 2483820.1044957936
384 21.80416666666666 96.145833333333371 2479651.6259365082
385 29.00416666666667 78.995833333333337 2478589.407050848
386 52.220833333333331 21.020833333333314 2471895.5070419163
387 38.970833333333331 117.62083333333334 2471256.24507761
388 25.512500000000003 88.137499999999989 2470653.0900073051
389 34.19583333333334 113.72083333333336 2469066.6448659897
390 9.1291666666666771 7.3458333333333314 2464868.8274148703
391 32.62916666666667 73.954166666666652 2460126.3045930862
392 25.837500000000006 81.329166666666652 2456146.2389762402
393 49.195833333333333 -122.89583333333334 2448610.5674894569
394 4.9708333333333314 7.7458333333333087 2446082.4457783699
395 29.304166666666667 78.362500000000011 2438950.7485101223
396 52.295833333333334 4.9458333333333258 2436146.5351765975
397 -34.895833333333329 -58.145833333333343 2433089.2170932293
398 42.462500000000006 -71.179166666666674 2424837.1982388943
399 22.670833333333334 90.162499999999966 2421016.8152103424
400 36.770833333333329 118.94583333333333 2418879.1428396702
401 9.92916666666666 -84.104166666666671 2414538.1818192005
402 27.270833333333336 81.362500000000011 2407185.7479126453
403 19.870833333333337 110.30416666666667 2400003.5276975632
404 25.429166666666674 84.254166666666663 2399757.1419291496
405 27.079166666666673 31.262500000000017 2388248.3282358646
406 35.079166666666673 113.1875 2386184.6449885368
407 13.762500000000003 -89.254166666666677 2385561.6177588105
408 26.112499999999997 87.704166666666652 2385143.5330643654
409 31.512500000000003 118.45416666666665 2383381.4210948944
410 26.529166666666661 88.879166666666663 2379502.549251318
411 30.262500000000003 114.92083333333335 2379363.9574754238
412 -6.6875 110.86250000000001 2379224.37312603
413 53.612500000000004 9.9625000000000057 2369508.7889240533
414 23.5625 89.629166666666663 2355463.0380625725
415 53.6875 -1.5791666666666515 2354479.4857636411
416 19.920833333333334 75.345833333333331 2339786.2167754173
417 10.820833333333326 -74.837500000000006 2338308.1838330626
418 34.945833333333333 117.30416666666667 2338081.417766571
419 28.587500000000006 79.404166666666697 2337532.6078128815
420 22.745833333333337 87.845833333333303 2327409.7325100899
421 39.729166666666671 -104.95416666666667 2323823.8459034227
422 22.970833333333331 -82.362500000000011 2322041.2009163499
423 -8.6208333333333371 116.29583333333335 2315877.453496933
424 26.162500000000001 89.595833333333303 2314149.1885004044
425 16.979166666666671 82.012499999999989 2311020.3522763252
426 29.304166666666667 120.00416666666666 2306386.0541267395
427 44.379166666666663 26.229166666666686 2298373.0814732313
428 30.037500000000001 120.70416666666665 2295200.8546123505
429 32.337499999999999 120.02083333333331 2294743.7292058468
430 29.50416666666667 77.0625 2294706.6992571354
431 24.779166666666669 92.570833333333326 2292622.8107261658
432 33.829166666666666 113.13750000000005 2292571.5730247498
433 22.979166666666671 112.9375 2291926.5487699509
434 -16.629166666666677 -49.279166666666669 2289397.7118443251
435 34.212500000000006 -118.52916666666667 2285227.2543378398
436 31.404166666666669 75.754166666666663 2284927.2030780315
437 -1.3125 -48.362500000000011 2282768.981541276
438 34.829166666666666 72.195833333333326 2273995.6498425007
439 20.420833333333334 73.037499999999994 2273735.1417336464
440 48.220833333333339 11.570833333333326 2271401.6886514425
441 22.462500000000006 87.454166666666652 2268236.4040708542
442 24.520833333333329 89.4375 2264718.1598572731
443 19.770833333333329 -99.170833333333334 2261717.4388391078
444 26.37916666666667 50.045833333333348 2256879.0046231747
445 40.770833333333336 111.6875 2252396.3722163439
446 40.229166666666664 29.137499999999989 2250444.1527625322
447 50.270833333333329 18.962500000000006 2239680.2669092417
448 30.137500000000003 78.070833333333326 2234911.7063703537
449 25.737499999999997 32.629166666666691 2228789.3378050327
450 25.329166666666666 118.92083333333335 2225282.4536929131
451 36.137500000000003 -115.1375 2225095.5894580893
452 34.095833333333331 -6.7374999999999829 2224766.5578416586
453 -3.0958333333333314 104.67916666666667 2224302.4610948563
454 43.087499999999999 141.50416666666666 2223752.4691927433
455 33.604166666666671 119.2208333333333 2222941.7793190479
456 -6.9958333333333371 109.53750000000002 2221983.0722951889
457 32.570833333333333 44.220833333333331 2217528.6891841888
458 -7.5708333333333258 112.10416666666669 2213455.5654058456
459 27.762500000000003 78.695833333333326 2212034.098118782
460 27.354166666666664 82.537499999999966 2210033.3341057301
461 48.179166666666667 16.295833333333348 2206710.0026266277
462 27.895833333333329 30.737500000000011 2204013.5822156668
463 31.75416666666667 -106.40416666666667 2203935.2080279738
464 28.245833333333337 76.97083333333336 2193686.4989926815
465 28.254166666666663 78.712499999999977 2193161.5867123604
466 37.729166666666664 126.97916666666669 2192893.7525935173
467 15.945833333333326 120.44583333333333 2190700.747300148
468 11.795833333333334 75.512500000000017 2186944.1762771606
469 10.8125 79.320833333333326 2186770.0016555786
470 21.379166666666663 110.46249999999998 2184895.8757581711
471 43.312499999999993 76.870833333333337 2183528.6544135809
472 23.270833333333343 80.070833333333326 2178514.188129425
473 32.720833333333339 116.90416666666664 2171443.5417449474
474 -3.3958333333333428 29.345833333333331 2170109.2475807667
475 31.0625 104.17916666666667 2168936.2737734318
476 29.479166666666664 104.89583333333331 2168495.1777706146
477 27.3125 83.237499999999955 2164015.7519104481
478 33.887500000000003 -84.295833333333334 2160249.5374087244
479 33.779166666666669 116.82083333333333 2156942.2445087433
480 30.654166666666669 73.337500000000006 2156046.8962678909
481 10.837499999999991 78.604166666666686 2155532.6265859604
482 21.895833333333329 87.620833333333337 2154493.9603619576
483 25.30416666666666 89.570833333333326 2152591.1825346947
484 24.412499999999994 91.554166666666674 2152070.0461893082
485 10.270833333333329 -67.995833333333323 2149426.5536601543
486 24.587499999999991 84.987500000000011 2144754.237680912
487 23.387500000000003 113.1541666666667 2143850.2596101761
488 53.787500000000001 27.662499999999994 2143590.0708801895
489 -1.6541666666666686 29.0625 2143095.8285605907
490 33.712500000000006 113.94583333333333 2133865.0157039165
491 26.287500000000001 91.654166666666697 2133118.4842972755
492 37.170833333333334 114.63749999999999 2131359.7710189819
493 10.129166666666663 105.79583333333335 2130534.3259663582
494 48.762499999999996 9.2708333333333144 2128614.528246671
495 -3.1541666666666686 -60.037499999999994 2127132.6730465889
496 31.895833333333336 119.73750000000001 2125044.288585186
497 39.720833333333331 116.7791666666667 2122318.9731916189
498 -8.2208333333333314 113.53750000000002 2120684.4834136963
499 30.820833333333326 121.17916666666667 2120203.8302879333
500 28.487499999999997 30.72083333333336 2117464.5366398096
501 11.387500000000003 77.612499999999955 2116072.7196187973
502 34.020833333333329 -117.42916666666667 2113771.3387080431
503 27.5625 120.46249999999998 2106134.2480692863
504 30.545833333333334 103.6541666666667 2106114.1674928665
505 25.44583333333334 88.754166666666663 2102971.8081645966
506 -6.4624999999999915 107.61250000000001 2100488.0587358475
507 -5.2708333333333286 105.17083333333335 2100385.0166120529
508 5.4541666666666657 100.42083333333335 2100040.4614124298
509 12.829166666666666 79.287500000000023 2089939.6005868912
510 -22.854166666666671 -43.587500000000006 2089839.4342851639
511 33.545833333333334 114.82916666666665 2083233.9864230156
512 26.320833333333333 83.804166666666674 2074008.8619194031
513 20.995833333333337 -101.64583333333333 2071899.8435042053
514 35.804166666666667 50.770833333333343 2066022.3066438437
515 26.045833333333334 87.229166666666686 2058607.9784374237
516 6.9208333333333343 38.445833333333326 2058339.4228663445
517 23.862499999999997 87.737500000000011 2052872.375767231
518 44.9375 -93.229166666666671 2047331.2870251946
519 16.587499999999991 81.737500000000011 2046321.0735416412
520 20.720833333333331 86.429166666666674 2046017.2853255272
521 21.204166666666666 105.51249999999999 2043493.2163219452
522 5.2874999999999943 7.4208333333333485 2038204.3709211349
523 23.170833333333334 88.070833333333326 2036979.9514279366
524 51.554166666666667 7.5375000000000227 2036891.6744529009
525 25.4375 85.704166666666652 2034882.3749752045
526 39.979166666666671 113.22083333333336 2032210.0795227289
527 26.512499999999996 92.662500000000023 2031379.9437432289
528 24.8125 88.895833333333314 2030469.8109402657
529 32.737500000000004 -97.245833333333337 2027888.8186013699
530 -2.0041666666666629 29.954166666666652 2027574.2713413239
531 26.37916666666667 31.895833333333343 2027018.8143315315
532 32.954166666666666 112.42916666666667 2024729.7169044018
533 -7.6541666666666686 111.47083333333336 2019667.3108797073
534 30.445833333333333 47.787499999999994 2016437.4422962666
535 13.979166666666671 121.30416666666667 2016197.160071373
536 33.00416666666667 115.67083333333335 2013315.3038330078
