1 28.612499999999997 77.195833333333326 19537823.806582928 Delhi
2 31.220833333333331 121.44583333333333 17250173.093354225 Shanghai
3 30.12916666666667 31.229166666666657 17209377.634752154 Cairo
4 19.129166666666663 72.870833333333337 16931496.570416451 Mumbai
5 -6.2791666666666686 106.84583333333336 16710340.999552727 Jakarta
6 23.829166666666666 90.420833333333348 16049244.760784626 Dhaka
7 22.595833333333331 88.304166666666674 15431552.459916592 Kolkata
8 39.9375 116.37083333333334 14780473.829507589 Beijing
9 14.604166666666671 121.04583333333335 14555596.693182945 Manila
10 35.6875 139.67916666666667 14328918.982191086 Tokyo
11 19.412499999999994 -99.112499999999997 13586698.222832114 Mexico City
12 -23.587499999999991 -46.629166666666663 13546407.850226879 Sao Paulo
13 37.512499999999996 126.96249999999998 13505144.496364355 Seoul
14 24.912499999999994 67.087500000000006 13275910.332178831 Karachi
15 55.737499999999997 37.59583333333336 12236923.956123985 Moscow
16 23.079166666666666 113.25416666666666 11981692.830303669 Guangzhou
17 13.037499999999994 77.620833333333337 10875816.323752403 Bengaluru
18 6.5791666666666657 3.2541666666666913 10838352.267485023 Lagos
19 41.020833333333336 29.004166666666663 10762487.360831976 Istanbul
20 22.670833333333334 113.97916666666669 10482357.750756741 Shenzhen
21 13.770833333333329 100.5625 10300882.71257019
22 10.862499999999997 106.71250000000003 10118982.25538969
23 -34.69583333333334 -58.504166666666663 9556765.532094121
24 13.05416666666666 80.170833333333348 9501045.8817820549
25 40.75416666666667 -74.004166666666677 9301095.2482110858
26 35.662500000000001 51.32916666666668 8999478.76047647
27 31.520833333333336 74.29583333333332 8936297.6270036697
28 4.6624999999999943 -74.129166666666677 8780131.5822392106
29 -12.079166666666666 -77.020833333333343 8751780.2304279804
30 48.854166666666664 2.3625000000000114 8459696.5217971653
31 34.704166666666666 135.52916666666664 8451705.6409790516
32 17.4375 78.462499999999977 8409184.6357207298
33 30.695833333333326 104.02916666666664 8104794.7835762501
34 51.49583333333333 -0.12916666666666288 7886196.4016397297
35 -6.9375 107.65416666666664 7878479.6121902466
36 -22.870833333333323 -43.345833333333331 7727278.984782815
37 30.512500000000003 114.27916666666664 7528280.7692246437
38 -4.3541666666666714 15.34583333333336 7504346.6583535671
39 25.012500000000003 121.4041666666667 7475496.9682188034
40 22.404166666666669 114.14583333333331 7434295.7535943985
41 23.112499999999997 72.570833333333326 7385545.3630518913
42 39.137500000000003 117.15416666666664 7131929.2625072002
43 18.595833333333331 73.845833333333331 6942060.3567333221
44 -8.9124999999999943 13.320833333333354 6915038.620153904
45 1.42916666666666 103.8125 6836813.3516349792
46 -33.470833333333346 -70.654166666666669 6483177.5153902769
47 35.462499999999999 139.4708333333333 6312164.7806043625
48 31.99583333333333 118.79583333333335 6086093.8490064144
49 15.604166666666671 32.512500000000017 6061640.9618592262
50 16.870833333333337 96.170833333333348 6037374.175801754
51 41.80416666666666 123.42083333333335 5903345.6002295017
52 34.304166666666667 108.86250000000001 5892668.9949820042
53 21.07083333333334 72.8125 5882680.1093454361
54 3.0875000000000057 101.64583333333331 5669501.1700611115
55 22.954166666666666 113.77916666666664 5605262.1707615852
56 24.695833333333326 46.720833333333331 5592978.426625967
57 -7.3208333333333258 112.63749999999999 5579979.7884120941
58 33.379166666666663 44.362499999999983 5485533.3613195419
59 21.045833333333334 105.83749999999998 5453025.1355452538
60 -6.8125 39.195833333333326 5443218.4030747414
61 -6.19583333333334 106.57083333333333 5440715.0269956589
62 30.304166666666667 120.22916666666669 5378083.9604377747
63 31.154166666666669 29.962500000000006 5354493.9503458738
64 29.545833333333327 106.48750000000001 5225415.7786235809
65 22.362499999999997 91.912500000000023 5159775.9830451012
66 26.845833333333339 81.037500000000023 5158100.2716016769
67 33.954166666666666 -118.22916666666667 4969715.0251519307
68 40.387499999999996 -3.6791666666666742 4969676.251147747
69 34.75416666666667 113.58750000000003 4956356.9077124596
70 14.287499999999994 120.97916666666669 4946442.6579608917
71 26.562499999999993 80.337500000000034 4936416.2437083721
72 -1.2291666666666714 36.795833333333348 4928590.5302195549
73 25.295833333333334 82.954166666666652 4855340.8727011681
74 20.595833333333331 -103.35416666666666 4831994.758468166
75 27.920833333333334 120.65416666666664 4812878.9684801102
76 25.654166666666669 85.262500000000045 4759550.5335950851
77 11.9375 8.4541666666666515 4733690.3179433346
78 34.587499999999999 69.17083333333332 4722428.233468771
79 45.74583333333333 126.61250000000001 4670325.1947960854
80 5.3624999999999972 -3.9875000000000114 4648615.4647301435
81 31.370833333333337 73.162499999999994 4638122.9266192913
82 59.895833333333329 30.412499999999994 4613219.0826757103
83 35.195833333333333 136.9041666666667 4561964.9726295471
84 23.504166666666677 116.61250000000001 4551618.1099376678
85 39.954166666666666 32.770833333333314 4543516.8503332138
86 25.745833333333337 -100.24583333333332 4529785.1169398725
87 24.604166666666657 118.07916666666671 4474509.1443257332
88 -19.895833333333343 -44.037500000000023 4432259.2285363674
89 -6.5874999999999915 106.78749999999997 4370542.6166791916
90 26.920833333333341 75.870833333333337 4350415.5133383274
91 31.829166666666666 117.28749999999997 4290834.9335949421
92 35.770833333333336 140.03749999999997 4282133.1552886963
93 19.145833333333329 73.129166666666663 4277134.2159657478
94 19.670833333333334 -99.137500000000003 4256686.2732474804
95 25.254166666666663 55.362499999999983 4228678.691044569
96 37.779166666666661 112.5958333333333 4209161.0402004719
97 33.5625 -7.5124999999999886 4202023.0051290393
98 31.329166666666666 120.67083333333335 4201377.5446481705
99 -26.1875 27.962500000000006 4152206.8730301857
100 33.654166666666669 73.020833333333343 4133899.5523471832
101 9.0208333333333428 38.745833333333337 4072836.4850678444
102 30.8125 31.170833333333348 4071769.2354092598
103 22.779166666666669 113.13750000000005 4059543.7088308334
104 37.262500000000003 126.9375 4043885.7143187523
105 -6.2458333333333229 107.17083333333335 3999876.4712686539
106 3.6124999999999972 98.645833333333314 3995747.8338756561
107 28.1875 113.02083333333337 3966441.6977758408
108 41.462499999999999 2.0875000000000057 3958727.8271627128
109 -23.529166666666669 -46.370833333333337 3950982.5207211971
110 5.6624999999999943 -0.17083333333332007 3946333.6948440075
111 32.012499999999996 35.92083333333332 3938858.6934560537
112 24.795833333333334 118.5625 3896909.7189564705
113 27.754166666666663 85.295833333333348 3895211.3516087532
114 31.62916666666667 120.36250000000001 3891671.6475393772
115 25.454166666666666 81.795833333333348 3889671.3806128502
116 35.229166666666664 128.99583333333334 3878982.1307139397
117 18.470833333333331 -69.954166666666652 3867293.8617181778
118 36.6875 3.0708333333333542 3862604.9534292221
119 30.470833333333331 31.370833333333337 3859879.2120169401
120 38.062500000000007 114.52083333333337 3849162.3964488506
121 34.054166666666674 71.59583333333336 3794630.1423773766
122 6.1875 -75.487500000000011 3794043.0003125668
123 0.36249999999999716 32.612499999999983 3759771.3118772507
124 36.229166666666671 120.37916666666666 3743011.9468228817
125 23.387500000000003 116.28749999999997 3721622.0342936516
126 41.295833333333334 69.237499999999983 3719315.3207747936
127 26.054166666666667 119.42916666666667 3693547.6036400795
128 10.379166666666663 -66.870833333333323 3688464.1490421295
129 43.912500000000001 125.30416666666667 3657966.8479713202
130 36.720833333333331 117.03749999999997 3624672.7733211517
131 28.612499999999997 115.88749999999999 3622896.4316763878
132 -33.954166666666666 18.587499999999977 3618410.6482110023
133 35.904166666666669 139.58749999999998 3617353.8163456917
134 43.779166666666661 -79.420833333333334 3612176.3855116963
135 22.870833333333337 88.504166666666663 3606756.9207963943
136 3.8375000000000057 11.520833333333343 3587279.2667324543
137 22.662499999999994 75.770833333333314 3574612.1688036919
138 37.987500000000004 23.795833333333348 3571374.3165006638
139 21.537499999999994 39.20416666666668 3567759.8128664494
140 52.520833333333336 13.370833333333309 3546024.2929702029
141 43.904166666666661 87.479166666666686 3533874.9623998404
142 -3.8291666666666657 -38.587500000000006 3524538.5088479519
143 24.987499999999997 102.75416666666666 3524395.1861619949
144 6.0208333333333286 6.9124999999999943 3519454.0980465412
145 6.9375 79.979166666666686 3514528.8989062309
146 45.587499999999999 9.1291666666666913 3507096.1592960358
147 41.870833333333337 -87.795833333333348 3497815.8993213624
148 27.079166666666673 77.954166666666652 3492534.466594696
149 23.69583333333334 86.945833333333326 3483147.0858998299
150 38.995833333333337 121.62916666666666 3475517.5498361588
151 14.737499999999997 -17.337500000000006 3474654.1245825291
152 31.820833333333333 120.0625 3465448.0305473804
153 -8.0458333333333201 -34.9375 3460669.1594703197
154 32.079166666666659 74.120833333333337 3452729.7207713127
155 28.862499999999997 77.662499999999966 3448871.9004302025
156 21.162499999999994 79.0625 3435753.8367986679
157 24.087499999999991 120.60416666666669 3398508.1406130791
158 14.612499999999997 -90.57083333333334 3391070.2306598425
159 -12.854166666666657 -38.420833333333348 3373402.2862904072
160 -6.2541666666666771 23.570833333333326 3336146.182179451
161 23.57083333333334 90.629166666666663 3329680.8210906982
162 12.645833333333329 -7.9875000000000114 3323799.7033648491
163 7.3874999999999886 3.9208333333333201 3312388.4368598461
164 35.729166666666664 50.970833333333331 3278037.7861288786
165 37.5625 126.71249999999998 3277794.0609724522
166 39.012500000000003 125.67916666666667 3275215.6609015465
167 31.32083333333334 121.0958333333333 3265406.3370814323
168 29.212499999999999 47.987499999999983 3253418.3631160259
169 33.479166666666671 36.287499999999994 3243629.318631053
170 -33.862499999999997 151.07083333333333 3239095.5722198486
171 28.537500000000001 77.429166666666674 3228599.1729774475
172 6.7125000000000057 -1.5958333333333314 3228277.6489106417
173 26.554166666666667 106.65416666666664 3217250.8918418884
174 28.729166666666671 78.654166666666697 3216224.98781991
175 29.912500000000001 121.57083333333333 3204639.2701339722
176 36.345833333333331 59.537499999999994 3193078.7051976919
177 26.762499999999996 83.245833333333337 3187518.8851337433
178 30.470833333333331 31.004166666666663 3164469.7281500101
179 23.745833333333337 86.287500000000023 3120599.3259410858
180 30.145833333333336 71.370833333333366 3069150.8872792721
181 -34.529166666666669 -58.712500000000006 3062489.7286987305
182 25.987499999999997 85.429166666666674 3055391.1909713745
183 25.57083333333334 86.079166666666652 3047349.261115551
184 22.954166666666666 91.229166666666686 3047042.9402332306
185 40.920833333333327 14.329166666666652 3037914.159830749
186 31.045833333333334 31.47083333333336 3033654.1346135139
187 4.0791666666666657 9.6624999999999943 3032397.6340212822
188 22.395833333333329 88.004166666666663 3030910.9966826439
189 25.30416666666666 82.5625 3024837.5058298111
190 38.445833333333333 27.162500000000023 3015971.9615918398
191 45.529166666666669 -73.654166666666683 3013342.3214315064
192 50.445833333333333 30.57916666666668 3005664.105596602
193 22.370833333333337 73.07916666666668 2993695.6661674976
194 18.587499999999991 -72.362499999999997 2977164.8790761828
195 32.029166666666661 34.92083333333332 2960980.5353940725
196 26.270833333333336 85.90416666666664 2948502.6534314156
197 30.92916666666666 121.3125 2939555.4686236382
198 22.670833333333334 120.41250000000002 2923798.6053600311
199 -25.487500000000011 -49.245833333333337 2918837.1231173277
200 25.954166666666666 84.737500000000011 2908304.9349992275
201 22.245833333333337 88.362500000000011 2895459.0340108871
202 23.395833333333343 91.079166666666652 2893649.882089138
203 -7.0958333333333314 110.44583333333333 2883050.6026468277
204 -7.6208333333333371 110.72916666666663 2876824.5293912888
205 33.82083333333334 35.662500000000023 2874202.4023611546
206 -18.854166666666657 47.470833333333331 2861586.2698235512
207 -2.1124999999999972 -79.862499999999997 2853897.038775146
208 12.295833333333334 -1.5458333333333201 2846052.8992615938
209 22.754166666666663 108.32083333333333 2845896.1585760117
210 41.837499999999999 12.545833333333348 2836362.9944735765
211 -29.987499999999997 -51.162499999999994 2832376.4350191355
212 -17.862499999999997 31.062500000000028 2824550.5945224762
213 -29.829166666666666 30.887499999999989 2822517.5891871452
214 30.620833333333337 76.6875 2816731.6617603302
215 3.44583333333334 -76.404166666666669 2802034.1556976438
216 28.262500000000003 79.354166666666686 2793114.3368947506
217 -7.7208333333333314 110.3458333333333 2782769.1353120804
218 52.554166666666667 -1.9291666666666742 2770299.8499742895
219 28.537500000000001 121.35416666666669 2765746.8347325325
220 32.395833333333336 74.529166666666669 2760212.9509294033
221 26.437499999999993 85.554166666666674 2754222.5389180183
222 15.429166666666674 44.229166666666657 2751758.1534366608
223 34.945833333333333 135.8458333333333 2747902.7105937004
224 -7.2041666666666657 108.0291666666667 2742241.5598917007
225 16.387500000000003 80.570833333333326 2739359.9198989868
226 23.895833333333329 90.787500000000023 2735083.3298578262
227 10.087499999999991 76.3125 2731146.5915517807
228 24.079166666666666 88.3125 2711266.5300412178
229 -6.8375000000000057 107.02083333333331 2705728.6731386185
230 10.370833333333323 123.83750000000003 2702208.0701494217
231 -8.0625 112.63749999999999 2701764.2320508957
232 -15.404166666666669 28.29583333333332 2701720.0691082478
233 53.487499999999997 -2.3291666666666515 2699472.0767224133
234 22.745833333333337 114.28750000000002 2698149.4401373863
235 21.220833333333331 81.487500000000011 2695638.6587638855
236 10.979166666666671 77.054166666666674 2691048.315680027
237 11.204166666666666 75.920833333333348 2667274.5441460609
238 39.970833333333331 -75.104166666666657 2666156.0329353958
239 32.62916666666667 51.5625 2661758.4456470013
240 35.845833333333331 128.62083333333334 2650749.7299308777
241 23.920833333333334 91.154166666666697 2640527.276640892
242 26.637499999999996 82.220833333333303 2640454.4305548668
243 19.137500000000003 -98.229166666666671 2637303.9491912723
244 29.320833333333333 30.79583333333332 2632407.6620721817
245 5.5791666666666657 7.1791666666666458 2627588.0232262611
246 36.070833333333333 103.8125 2624061.4453473091
247 32.604166666666664 -116.98750000000001 2610678.7003452703
248 23.32083333333334 88.495833333333337 2605795.9842305183
249 -25.870833333333337 32.529166666666669 2601124.0139746666
250 22.387500000000003 113.44583333333333 2589402.4720087051
