1 28.670833333333334 77.362499999999955 35067455.141003847
2 -6.3458333333333456 106.82083333333333 35020885.312913895
3 31.145833333333329 121.08749999999998 34336544.465041161
4 23.862499999999997 90.662499999999966 34031888.058391094
5 35.654166666666669 139.67916666666667 33385161.102386475
6 22.879166666666663 113.57916666666665 32798933.802050114
7 30.412499999999994 31.245833333333309 32574119.700027227
8 22.612499999999997 88.254166666666663 28936326.808214188
9 39.954166666666666 116.62916666666666 26943721.639312506
10 19.204166666666666 73.145833333333343 26559370.545875311
11 14.487499999999997 121.02083333333331 25911270.680495262
12 37.445833333333333 126.97916666666669 25418250.596920967
13 19.395833333333329 -99.237499999999997 23383155.965945572
14 -23.662500000000009 -46.537499999999994 23049927.646192431
15 22.704166666666666 114.28750000000002 20746053.196438789
16 13.8125 100.50416666666666 19056200.621871948
