1 35.645833333333336 139.69583333333333 32038906.916727781
2 -6.3958333333333286 106.80416666666667 31479082.101829529
3 28.729166666666671 77.370833333333337 31430677.363627195
4 31.112499999999997 121.29583333333335 27662723.835428238
5 30.354166666666664 31.212500000000006 27551045.922188282
6 23.854166666666671 90.645833333333314 27470356.27573204
7 22.612499999999997 88.229166666666629 26196480.306203842
8 22.904166666666669 113.47083333333336 26006540.886723518
9 19.212499999999991 73.07916666666668 24942035.249956846
10 37.470833333333331 126.98750000000001 23858246.407101631
11 14.5625 120.96249999999998 23047318.580691338
12 19.4375 -99.262500000000003 22265268.029790103
13 -23.637500000000003 -46.554166666666674 21998765.93219161
14 39.920833333333334 116.57083333333333 21967566.642997861
15 22.645833333333329 114.12083333333334 21724581.183954716
16 13.787499999999994 100.45416666666665 16365887.063265324
17 55.779166666666661 37.762499999999989 16287854.830042973
18 34.762499999999996 135.42916666666667 15436754.891210318
19 40.945833333333333 29.020833333333314 15181078.685393572
20 -34.6875 -58.629166666666663 14926375.731981516
21 40.729166666666664 -74.020833333333329 14663897.007637769
22 25.854166666666671 85.137499999999989 14399653.027539968
23 6.7958333333333343 3.3541666666666572 14273463.277165651
24 31.787500000000001 74.195833333333326 14212413.775571346
25 10.745833333333337 106.67083333333329 14099126.439622879
26 35.62916666666667 51.304166666666674 14038323.847433686
27 30.770833333333329 103.98750000000001 14023708.492232084
28 13.104166666666657 77.795833333333292 13992653.38813448
29 24.845833333333331 67.229166666666657 13712311.550758362
30 31.604166666666664 120.35416666666669 13369627.702782869
31 13.0625 79.929166666666674 12778469.720393181
32 -7.0291666666666686 107.87916666666666 12682561.11425209
33 -22.770833333333329 -43.32916666666668 12560012.105814934
34 51.554166666666667 -0.38749999999998863 12521319.016494319
35 23.362500000000011 116.40416666666664 12378177.147458076
36 25.479166666666671 82.779166666666697 12026033.475829124
37 39.170833333333334 117.3125 11869417.992088079
38 23.162500000000009 91.079166666666652 11746268.226820469
39 26.695833333333333 80.604166666666686 11649723.265420675
40 48.87083333333333 2.3541666666666572 11551038.448228359
41 20.962500000000006 105.99583333333334 11544594.035589695
42 25.995833333333337 86.012499999999989 11459654.613522053
43 34.012500000000003 -118.04583333333333 11346430.879589774
44 -7.5875000000000057 112.57916666666665 11294754.125411987
45 30.3125 120.45416666666665 11150731.948625088
46 22.779166666666669 72.745833333333337 11110865.969751835
47 31.029166666666669 30.9375 11014900.282454014
48 30.712500000000006 114.1541666666667 10904292.296648264
49 32.112500000000004 119.13749999999999 10686601.48793602
50 17.404166666666669 78.304166666666674 10540300.151210785
51 24.912499999999994 121.42083333333335 10432603.319122314
52 34.387500000000003 108.87916666666666 10299823.705049753
53 24.787499999999994 118.29583333333335 10250890.796918392
54 26.437499999999993 84.529166666666697 10234347.820611715
55 -26.037499999999994 28.162499999999994 10198913.319671392
56 -11.995833333333323 -76.845833333333331 10197781.350786746
57 35.070833333333333 113.61250000000001 10050568.171897411
58 4.6958333333333258 -74.212499999999991 9848800.4384206533
59 26.837499999999999 83.604166666666629 9764668.8431868553
60 28.9375 78.645833333333314 9460156.0174059868
61 26.62083333333333 85.370833333333337 9288842.1272947788
62 41.612499999999997 123.61250000000001 9203376.2088884115
63 29.604166666666664 106.17916666666667 9193639.9349594116
64 -7.6208333333333371 110.57916666666665 9180497.6478691101
65 25.012500000000003 85.220833333333303 9176644.7676558495
66 24.337499999999991 88.179166666666674 9120437.8169212341
67 35.112500000000004 136.88749999999999 9012602.9096565247
68 5.8541666666666714 7.0791666666666799 9007378.0513870716
69 25.670833333333334 81.662500000000023 8953910.4657869339
70 34.112499999999997 71.829166666666652 8831584.607026577
71 25.379166666666663 86.862500000000011 8785103.0184407234
72 27.512500000000003 78.095833333333303 8784284.8354861736
73 1.3791666666666629 103.87916666666666 8760001.982254982
74 20.979166666666671 73.020833333333343 8735609.9732174873
75 38.145833333333336 114.82083333333333 8727444.3644164801
76 18.8125 73.954166666666652 8555871.3119673729
77 24.120833333333337 89.795833333333292 8554270.0867676735
78 51.262500000000003 7.0291666666666686 8553331.0308546796
79 23.670833333333334 86.554166666666674 8511762.0968427658
80 24.729166666666657 90.612500000000011 8456010.3798017502
81 31.095833333333331 30.204166666666652 8433218.7857023478
82 31.5625 73.0625 8416102.9666655064
83 23.19583333333334 88.795833333333292 8380638.2114305496
84 24.970833333333331 89.612500000000011 8301255.8664484024
85 27.829166666666666 120.53750000000002 8234246.265458107
86 25.970833333333331 89.27916666666664 8226025.8770356178
87 33.42916666666666 44.220833333333331 8204681.3940587044
88 25.920833333333334 83.787499999999966 8188354.5753483772
89 33.887500000000003 72.945833333333326 8136522.7201807499
90 26.262499999999996 82.920833333333292 8064283.1504600048
91 27.995833333333337 112.82916666666665 8059314.8509163857
92 22.379166666666663 91.879166666666663 8054806.831890583
93 17.037499999999994 96.254166666666663 8049227.6292910576
94 2.9791666666666714 101.71249999999998 8012147.252076149
95 29.662500000000001 77.820833333333326 7933596.7134451866
96 -4.44583333333334 15.495833333333337 7859777.5671532154
97 25.579166666666666 87.804166666666674 7826598.4094834328
98 32.487500000000004 74.504166666666663 7762239.709748745
99 11.879166666666663 8.3374999999999773 7696946.1603758335
100 10.995833333333337 76.0625 7693055.4961485863
101 31.054166666666674 31.662499999999994 7689059.7506386042
102 -8.8125 13.412500000000023 7579552.8490474224
103 26.829166666666673 81.770833333333314 7516289.4374928474
104 36.42916666666666 114.54583333333335 7514729.7482347488
105 26.212499999999999 87.087499999999977 7499321.7181560993
106 41.829166666666666 -87.920833333333348 7492781.6472895741
107 28.354166666666671 79.170833333333348 7345814.5720252991
108 36.495833333333337 117.37083333333334 7340477.6185324192
109 24.012500000000003 88.945833333333326 7327536.0497264862
110 25.337500000000006 84.454166666666652 7286362.5022511482
111 -33.529166666666654 -70.870833333333337 7283854.8309397697
112 15.529166666666669 32.670833333333348 7197019.3309924603
113 25.204166666666666 86.020833333333314 7194447.097992897
114 22.070833333333326 87.595833333333303 7181913.8727293015
115 36.254166666666663 120.03750000000002 7134524.7884185314
116 23.045833333333334 89.879166666666663 7100922.4813609123
117 29.904166666666661 121.26249999999999 7054690.7697248459
118 24.704166666666666 91.979166666666686 7024089.9698185921
119 -1.1041666666666714 36.962499999999977 7022239.6537997723
120 -7.1041666666666714 109.32916666666665 7022005.6554708481
121 27.579166666666666 79.77916666666664 6993075.1018459797
122 7.0208333333333286 80.1875 6921583.2671995163
123 45.579166666666666 9.2541666666666629 6884234.3535524905
124 32.095833333333339 35.120833333333309 6852555.9693495035
125 33.837500000000006 113.67916666666667 6727638.3556616306
126 52.12916666666667 4.7874999999999943 6719078.0598503128
127 53.570833333333333 -1.9375 6654160.0257693715
128 9.7708333333333286 76.495833333333337 6651170.8894257545
129 27.095833333333339 82.787499999999966 6577656.5383195877
130 4.8374999999999915 7.6041666666666856 6574785.8396465778
131 29.87916666666667 71.445833333333326 6554119.3147034645
132 40.429166666666667 -3.5958333333333314 6531188.9675054848
133 45.604166666666671 126.65416666666664 6492422.824887991
134 -6.9208333333333343 110.70416666666665 6468418.3785791397
135 35.454166666666673 128.9375 6442281.2475614548
136 25.745833333333337 119.25416666666666 6431323.4489965439
137 37.5625 112.35416666666669 6413291.429864645
138 30.712500000000006 76.270833333333314 6408778.2051217556
139 27.029166666666661 76.137499999999989 6393658.8881702423
140 29.187499999999993 30.962500000000006 6393473.0773595572
141 24.662499999999994 46.645833333333314 6390077.6869018078
142 -6.5458333333333343 39.212500000000006 6379314.3697977066
143 31.762499999999996 116.91250000000002 6346586.7774865627
144 28.379166666666663 115.80416666666667 6319637.5300059319
145 32.25416666666667 35.945833333333326 6268917.4351472855
146 34.529166666666669 112.67916666666667 6266324.923281908
147 20.487499999999997 86.145833333333371 6260377.7782988548
148 10.912499999999994 77.02916666666664 6253352.4575242996
149 36.495833333333337 3.1125000000000114 6230727.5726614594
150 36.8125 118.30416666666667 6158908.6713113785
151 34.254166666666663 116.73749999999995 6125061.7010369301
152 24.1875 91.320833333333326 6123681.417075634
153 34.787500000000001 69.262499999999989 6097636.9067378044
154 27.629166666666663 80.920833333333348 6082949.1698598862
155 23.579166666666666 88.037500000000023 6081455.7080726624
156 43.520833333333336 -79.529166666666669 6075727.7491103262
157 38.804166666666667 115.76249999999999 6055878.3526849747
158 31.604166666666664 75.312499999999972 6048909.1683535576
159 11.429166666666674 77.912499999999966 6047584.5041971207
160 -7.8375000000000057 111.80416666666667 6016926.7733240128
161 33.67916666666666 35.92083333333332 6016398.1834692955
162 35.237500000000004 116.7791666666667 5998979.0852968693
163 26.37083333333333 88.52916666666664 5991379.4593756199
164 28.270833333333329 78.245833333333337 5961150.8246102333
165 -7.0374999999999943 108.48750000000001 5941393.0486021042
166 -6.5458333333333343 107.37083333333334 5922861.9644823074
167 7.5874999999999915 4.2041666666666799 5918300.1941411495
168 22.320833333333326 113.16249999999997 5884472.9716887474
169 52.762500000000003 -1.6875 5883964.043183133
170 16.779166666666669 81.870833333333337 5857506.5210180283
171 39.079166666666666 -76.945833333333326 5852845.9244835824
172 25.287499999999994 88.795833333333292 5815621.9488596916
173 5.8624999999999972 -0.3125 5809176.6592282057
174 32.87083333333333 -96.987499999999997 5806408.4266183823
175 16.587499999999991 74.445833333333354 5801684.5650889874
176 32.337499999999999 120.10416666666669 5786603.502966404
177 38.904166666666669 125.6875 5764417.1466016769
178 26.954166666666673 79.337500000000034 5748578.9806613922
179 21.529166666666669 110.58749999999998 5741107.1110816002
180 0.4791666666666714 32.82916666666668 5633447.9767844677
181 22.887500000000003 75.637499999999989 5633347.3877050877
182 22.512500000000003 88.954166666666652 5631099.7960181236
183 59.870833333333337 30.445833333333354 5623041.3924915027
184 33.379166666666663 114.97916666666669 5618658.9504759312
185 22.42916666666666 90.420833333333348 5612063.0281691551
186 16.420833333333334 80.8125 5603442.3373885155
187 20.537500000000009 -103.45416666666667 5568757.7855310291
188 21.545833333333334 39.537499999999994 5562290.9511766434
189 29.787500000000001 -95.387500000000003 5545025.238922447
190 23.345833333333331 112.95416666666671 5529257.6271367073
191 8.8458333333333314 76.870833333333337 5526765.6149377823
192 -19.8125 -44.195833333333354 5507320.207918644
193 34.887499999999996 118.00416666666666 5484253.6219742298
194 10.30416666666666 -67.087499999999991 5480984.6129671335
195 25.620833333333337 -100.25416666666666 5480762.0079034567
196 25.162499999999994 55.4375 5463954.332351923
197 37.645833333333336 -122.02916666666667 5460758.882673366
198 35.954166666666666 115.37083333333334 5446521.2304570675
199 3.4708333333333314 98.620833333333337 5417374.6664657593
200 28.479166666666671 121.22916666666669 5386160.6023316383
201 28.0625 76.979166666666629 5321069.9472913742
202 33.345833333333331 -7.4625000000000057 5295448.2483121753
203 39.654166666666669 118.54583333333335 5282434.6038752794
204 8.82083333333334 38.995833333333337 5280818.6418409348
205 11.904166666666669 79.429166666666674 5275179.0000319481
206 21.079166666666666 81.679166666666674 5264581.7662243843
207 26.337499999999999 91.4375 5254509.8273823261
208 30.637500000000003 73.095833333333331 5251451.0008945465
209 26.137499999999996 80.987500000000011 5235441.4216911793
210 14.654166666666669 -90.837500000000006 5221456.3477884531
211 29.37916666666667 77.02916666666664 5215930.8908936977
212 40.045833333333334 -75.195833333333326 5215862.9466875792
213 25.4375 68.587500000000006 5195471.9208586216
214 33.94583333333334 74.862499999999983 5182488.3468174934
215 24.962499999999991 88.020833333333314 5173895.9650330544
216 30.904166666666669 120.80416666666667 5157805.8485565186
217 39.920833333333334 33.004166666666663 5143653.9187204838
218 41.520833333333336 2.0541666666666458 5133750.9912880361
219 50.987500000000004 4.2708333333333428 5130497.8577189073
220 23.845833333333331 120.57083333333333 5127311.2072381973
221 43.679166666666667 125.17083333333335 5121619.6153006554
222 20.595833333333331 106.39583333333337 5097639.0841259956
223 24.962499999999991 102.9041666666667 5079544.8671913147
224 5.5458333333333343 -4.1291666666666629 5079399.9373289347
225 32.779166666666669 112.44583333333333 5072736.3295533657
226 15.3125 120.75416666666666 5042913.1357879639
227 40.99583333333333 122.51249999999999 5024861.5805336237
228 13.712499999999991 44.129166666666663 5024705.2646155357
229 -6.2875000000000085 106.12916666666666 5012168.9020700455
230 14.770833333333343 -17.104166666666657 5005302.1276888847
231 29.170833333333327 119.82916666666665 5004739.983748436
232 9.7708333333333286 77.787500000000023 5001630.8184952736
233 10.787499999999994 79.47083333333336 4965271.143699646
234 27.395833333333336 85.204166666666652 4920571.5268945694
235 35.095833333333339 115.8125 4912890.6674001217
236 34.479166666666664 114.16249999999997 4908418.5177605152
237 33.879166666666663 118.97916666666669 4905236.7399570942
238 37.229166666666664 114.89583333333331 4898207.1049449444
239 27.545833333333334 81.762499999999989 4888101.6451790333
240 33.5625 130.61250000000001 4880716.2848763466
241 34.154166666666669 115.51249999999999 4874831.8247687817
242 31.004166666666663 74.212500000000006 4862983.197217226
243 29.429166666666667 105.0625 4860471.3203270435
244 26.470833333333339 92.47083333333336 4857975.5918748379
245 40.862500000000004 14.570833333333354 4855006.1724805236
246 31.929166666666667 121.10416666666669 4854559.1779503822
247 22.854166666666671 120.37916666666666 4852145.2641205788
248 32.8125 116.96250000000003 4824376.8430392742
249 26.570833333333333 78.037500000000023 4816403.0941317081
250 10.162499999999994 106.0291666666667 4806420.6097154617
251 4.9874999999999972 6.8208333333333258 4796363.221868515
252 -8.0458333333333201 113.46249999999998 4795761.0450077057
253 25.237499999999997 83.604166666666629 4787690.4301929474
254 26.145833333333336 82.129166666666663 4768169.0775530338
255 18.479166666666657 -70.020833333333343 4764234.1909635067
256 41.162500000000001 69.320833333333354 4760278.3789912462
257 26.520833333333336 86.254166666666663 4748050.5670108795
258 22.479166666666671 73.354166666666657 4742271.3862390518
259 6.8125 38.554166666666674 4722058.0486528873
260 23.704166666666666 85.479166666666686 4711183.6256189346
261 35.420833333333341 114.48750000000001 4710911.3273482323
262 32.979166666666664 115.75416666666666 4692742.4448738098
263 20.929166666666674 78.954166666666708 4692234.0661773682
264 31.429166666666667 118.24583333333334 4668613.4979727268
265 -7.9708333333333314 -35.229166666666657 4667084.9910088778
266 30.154166666666669 77.154166666666697 4655785.7472064495
267 36.729166666666671 115.80416666666667 4622219.4736831188
268 -33.862499999999997 18.679166666666646 4610568.887345314
269 -3.2125000000000057 29.637499999999989 4605847.0093376637
270 32.804166666666667 -116.98750000000001 4600608.2428640574
271 49.795833333333334 8.6291666666666913 4597650.2442475259
272 26.962499999999999 84.479166666666686 4595467.9258720875
273 26.662500000000001 106.38749999999999 4563947.7125310898
274 24.5625 89.012499999999989 4548647.5643172264
275 -33.754166666666677 151.02083333333331 4527464.9782466888
276 19.887500000000003 74.104166666666686 4525474.5862083435
277 13.995833333333337 121.22916666666669 4493148.8563899994
278 52.512500000000003 13.495833333333337 4487604.5920654312
279 36.362499999999997 139.48749999999995 4484502.889231205
280 26.87916666666667 31.462500000000006 4483144.7790410519
281 -1.7458333333333371 29.90416666666664 4472305.9473488331
282 39.212500000000006 121.57916666666665 4461213.2632853985
283 24.612499999999997 84.420833333333292 4449598.9317746162
284 27.604166666666664 68.445833333333326 4423697.5660338402
285 30.270833333333336 72.270833333333343 4422216.7137241364
286 27.504166666666663 111.6541666666667 4408271.7958097458
287 33.845833333333331 -84.312499999999986 4402502.5691900551
288 25.94583333333334 32.379166666666691 4396381.8147008419
289 36.612499999999997 119.1875 4393032.2957148552
290 15.470833333333331 43.870833333333337 4384651.1601877213
291 6.2708333333333428 -75.620833333333337 4374834.1168103814
292 12.204166666666666 76.704166666666652 4364978.528734684
293 42.370833333333337 -71.345833333333331 4356185.3152950108
294 19.112499999999997 -98.104166666666671 4355060.9874109924
295 22.920833333333334 87.52916666666664 4336534.7521271706
296 40.74583333333333 72.004166666666691 4318541.6703549623
297 0.25416666666666288 34.604166666666657 4311210.094086647
298 -29.737499999999997 30.629166666666691 4308845.0920152664
299 42.454166666666666 -83.354166666666671 4305284.7713042572
300 22.8125 86.512499999999989 4302776.9183273315
301 34.720833333333331 72.287499999999994 4293861.6276733875
302 25.962500000000006 -80.254166666666663 4292697.3915892243
303 18.80416666666666 -72.44583333333334 4290229.1476117969
304 35.954166666666666 116.38749999999999 4289117.2051854134
305 -5.1458333333333286 105.10416666666663 4288481.1171989441
306 6.69583333333334 -1.4791666666666572 4284336.8265863657
307 -22.954166666666666 -47.087500000000006 4282225.507593751
308 45.50416666666667 -73.704166666666666 4282075.386723876
309 30.270833333333336 115.02083333333331 4269945.2868578434
310 36.637500000000003 127.14583333333331 4264218.7592642307
311 7.4458333333333258 4.9541666666666799 4259071.0999993086
312 30.662499999999994 105.67916666666667 4254217.0961821079
313 28.920833333333334 79.52916666666664 4239893.3732428551
314 -37.879166666666663 144.99583333333334 4226314.5175476074
315 -12.662499999999994 -38.629166666666663 4211407.2947888374
316 32.637499999999996 73.670833333333348 4200399.8773577213
317 41.8125 12.745833333333337 4193262.2649898529
318 44.020833333333336 87.52916666666664 4187371.6953132153
319 26.62916666666667 112.47916666666663 4181173.2723851204
320 17.987499999999997 83.070833333333326 4178237.5394477844
321 23.44583333333334 77.404166666666697 4177646.0642824173
322 33.454166666666666 -112.0125 4169001.5560887754
323 31.212500000000006 104.64583333333331 4164186.5613925457
324 12.604166666666671 78.954166666666708 4160778.5820527077
325 50.045833333333334 18.79583333333332 4145153.9298401475
326 -29.8125 -51.095833333333331 4140177.5509576797
327 23.345833333333331 114.17083333333335 4139007.6393456459
328 23.054166666666674 108.5625 4123042.9198389053
329 -6.42916666666666 23.695833333333326 4111093.772636652
330 38.49583333333333 27.212500000000006 4096987.3278089762
331 -4.0625 -38.595833333333331 4087178.6754291058
332 7.2958333333333343 37.8125 4086821.4956800938
333 31.62916666666667 119.69583333333333 4086141.9547610283
334 35.737500000000004 103.66250000000002 4086046.9875290394
335 33.612499999999997 119.87916666666666 4083040.1185655594
336 22.920833333333334 74.212500000000006 4061213.3788599968
337 24.479166666666657 86.412500000000023 4043717.1174468994
338 -7.2125000000000057 109.97916666666669 4032562.4175596237
339 27.420833333333334 78.729166666666629 4031456.6951313019
340 4.2541666666666629 9.4875000000000114 4026689.4751069546
341 34.087500000000006 118.0625 4021145.4232213497
342 6.2625000000000028 7.8124999999999716 3998515.6387035847
343 32.187499999999993 44.570833333333326 3995419.2634456158
344 23.495833333333337 89.570833333333326 3981951.7660045624
345 10.862499999999997 78.4375 3972336.9619393349
346 38.179166666666667 23.720833333333331 3971182.8204962015
347 8.5374999999999943 77.420833333333348 3958711.8748192787
348 28.345833333333331 80.22083333333336 3957202.2112565041
349 11.487499999999997 104.87083333333334 3956859.0129199028
350 26.24583333333333 90.087500000000034 3947965.5952003002
351 33.212499999999999 114.1541666666667 3935433.3507585526
352 10.470833333333331 123.64583333333331 3934377.6603622437
353 20.037500000000009 105.80416666666667 3930720.5855402946
354 48.87083333333333 8.8791666666666913 3927903.0395992398
355 6.6291666666666771 2.5374999999999943 3921055.3284717798
356 38.329166666666673 116.46250000000003 3919222.717233181
357 -8.4458333333333258 115.23750000000001 3914347.9555549622
358 23.712500000000006 87.412500000000023 3912016.4162621498
359 11.6875 75.6875 3904585.009701252
360 27.5625 30.97083333333336 3896934.4199801683
361 22.0625 82.529166666666697 3869318.1194849014
362 3.8375000000000057 11.29583333333332 3862662.0071899891
363 36.270833333333329 59.262499999999989 3852537.9788036346
364 27.295833333333334 77.379166666666663 3847010.8608372211
365 26.304166666666667 87.754166666666663 3830834.4810504913
366 32.545833333333341 51.57916666666668 3827002.4710798264
367 -1.9375 -79.754166666666677 3814003.6027441621
368 16.0625 120.5625 3800146.3125495911
369 34.87083333333333 118.9375 3792636.6022193432
370 37.512499999999996 116.01249999999999 3780375.7237782478
371 0.8125 34.0625 3780223.9452474117
372 23.870833333333337 72.229166666666686 3772412.5188174248
373 -0.67083333333333428 34.970833333333331 3763889.4754593372
374 10.470833333333331 76.395833333333314 3763738.6212773323
375 29.037500000000001 47.904166666666669 3759761.9746384621
376 31.045833333333334 72.412500000000023 3752245.1390421391
377 19.962500000000006 75.612499999999983 3747651.2495031357
378 -19.012499999999989 47.429166666666674 3736038.5629782677
379 26.37916666666667 50.279166666666669 3733250.5980517864
380 -15.879166666666663 -47.945833333333326 3731616.3128048182
381 39.404166666666669 116.2208333333333 3729202.7230764627
382 10.445833333333326 105.29583333333335 3676888.7886648178
383 28.345833333333331 30.754166666666663 3675757.2958672047
384 36.120833333333337 36.895833333333314 3671658.4990544319
385 28.8125 112.01249999999999 3661869.5317194462
386 21.962499999999991 88.337500000000034 3655820.8922991753
387 8.9958333333333371 7.2708333333333144 3649529.3047971725
388 29.795833333333341 103.87916666666666 3638782.2615406513
389 35.829166666666666 117.47916666666669 3627007.7154824734
390 39.962499999999999 117.55416666666667 3624235.4296934605
391 13.845833333333331 -89.454166666666666 3619921.4594979286
392 15.795833333333334 74.879166666666634 3615387.4871783257
393 35.404166666666661 110.92083333333335 3598258.9461379051
394 50.354166666666664 30.337499999999977 3596517.08236444
395 12.862499999999997 -7.9375 3594117.7604731321
396 22.370833333333337 110.20416666666665 3588858.6220231056
397 34.712499999999999 114.97083333333336 3579570.044002533
398 26.87916666666667 68.087500000000006 3576143.8037655354
399 26.279166666666661 79.745833333333337 3567454.247159481
400 26.970833333333339 81.237500000000011 3547024.7408788204
401 23.745833333333337 74.129166666666663 3544908.931781292
402 50.604166666666664 3.0958333333333599 3536108.8560620844
403 28.9375 76.3125 3535056.9745948315
404 33.5625 116.5291666666667 3534360.658110857
405 32.162500000000001 72.779166666666669 3533258.5400629044
406 36.195833333333326 128.5625 3530007.9644823074
407 37.687499999999993 117.15416666666664 3512415.1617138386
408 19.645833333333329 84.820833333333326 3511094.3895001411
409 -1.8291666666666657 29.137499999999989 3503162.3153688908
410 33.770833333333329 -117.37916666666666 3500598.2852333039
411 37.304166666666667 121.67916666666667 3498373.9038748741
412 3.5375000000000085 -76.395833333333343 3485628.22779423
413 30.870833333333337 117.21250000000003 3457196.1282064915
414 34.829166666666666 109.63749999999999 3455467.9109947681
415 32.24583333333333 75.29583333333332 3453647.3971669674
416 48.387500000000003 11.379166666666663 3422646.0876315236
417 25.012500000000003 82.079166666666652 3422371.8891620636
418 23.345833333333331 79.97083333333336 3419070.6574130058
419 -5.30416666666666 119.76249999999999 3415063.9925489426
420 -17.67916666666666 31.195833333333354 3406026.0106363297
421 27.8125 113.78750000000002 3382377.6556110382
422 19.654166666666669 110.39583333333331 3381905.8169574738
423 -8.5625 116.36250000000001 3378728.7129020691
424 -25.570833333333326 -49.362500000000011 3375459.149862051
425 28.57083333333334 70.3125 3372200.4660594463
426 30.6875 106.54583333333335 3370575.0015575886
427 10.1875 -67.854166666666671 3370462.6284581423
428 21.1875 86.462500000000034 3360708.2190899849
429 12.637500000000003 -1.6958333333333258 3360066.4454294443
430 9.3125 41.745833333333309 3356519.1256074905
431 30.94583333333334 75.445833333333354 3354911.1489446163
432 22.94583333333334 115.7208333333333 3348823.9203000069
433 47.504166666666663 -122.28749999999999 3344826.4528353582
434 50.954166666666666 5.7375000000000114 3332932.0469941199
435 34.354166666666671 107.95416666666665 3320431.3906881809
436 20.829166666666666 -101.50416666666666 3318630.4138615727
437 53.729166666666671 10.095833333333331 3316846.5066805799
438 36.6875 10.387499999999989 3312106.4966936707
439 24.729166666666657 92.737500000000011 3309661.4037699699
440 6.3875000000000028 1.4458333333333258 3307908.0705851316
441 23.470833333333331 90.3125 3299694.6285834312
442 24.479166666666657 81.079166666666652 3287876.0996901989
443 31.462500000000006 34.662499999999994 3287171.8952133656
444 35.679166666666667 119.2208333333333 3282330.3296899796
445 18.337500000000006 79.479166666666629 3278525.4215016365
446 21.420833333333334 105.47916666666669 3277571.2158384323
447 29.554166666666667 112.77916666666664 3276731.3611767292
448 27.887500000000003 76.129166666666663 3272764.8562855721
449 29.829166666666673 115.89583333333331 3270192.4053111076
450 24.270833333333329 117.58749999999998 3265399.0914368629
451 19.070833333333326 77.095833333333303 3264385.8530983925
452 5.3541666666666714 6.0041666666666629 3261357.7974536419
453 30.445833333333333 113.21249999999998 3258889.4901866913
454 -15.770833333333329 35.295833333333348 3251714.1067390442
455 20.045833333333334 85.504166666666663 3245546.1688461304
456 -7.1124999999999972 112.0625 3235840.466550827
457 37.012500000000003 120.26249999999999 3227853.7258782387
458 21.820833333333326 96.179166666666674 3226972.8000478745
459 -2.5541666666666742 30.070833333333326 3220305.3815248013
460 29.37916666666667 71.262499999999989 3217485.9883284569
461 30.920833333333334 107.44583333333333 3215754.0369472504
462 22.737499999999997 112.62083333333334 3210246.9104990959
463 29.037500000000001 105.67916666666667 3201601.1359498501
464 47.37083333333333 8.0624999999999716 3195368.1513143182
465 35.862499999999997 112.92083333333335 3189926.1939790249
466 -7.3208333333333258 111.28750000000002 3183331.6114826202
467 33.954166666666666 -6.4958333333333371 3178269.5154250264
468 32.154166666666661 111.96249999999998 3177202.9884214401
469 10.512500000000003 -71.529166666666669 3171410.3237494826
470 20.912500000000009 75.179166666666646 3164121.5599777699
471 10.795833333333334 122.75416666666666 3160982.386888504
472 24.470833333333331 82.762499999999989 3159061.5727505684
473 53.404166666666669 -2.8458333333333314 3150805.0352533981
474 25.212500000000006 80.512499999999989 3139875.8990530968
475 29.87083333333333 75.979166666666657 3130524.8751628399
476 25.237499999999997 118.88749999999999 3119099.0453109741
477 47.454166666666666 18.82916666666668 3118634.2627604008
478 44.420833333333334 26.429166666666674 3117452.3243060112
479 30.229166666666664 111.87083333333334 3114709.6169571877
480 30.3125 74.90416666666664 3108588.7070636749
481 24.662499999999994 87.262499999999989 3104981.5421953201
482 10.137500000000003 -84.079166666666666 3102756.7712398171
483 38.912499999999994 -8.9958333333333371 3098121.9735908806
484 12.695833333333326 75.070833333333326 3095750.3418393135
485 -2.5708333333333258 29.212500000000006 3088129.8093008995
486 29.00416666666667 116.95416666666665 3079247.7010536194
487 48.070833333333333 16.637499999999989 3074715.0483162701
488 29.0625 78.054166666666674 3055889.6604001522
489 20.120833333333337 72.962500000000006 3055708.5127654076
490 52.145833333333336 21.054166666666674 3053386.8276843727
491 8.1541666666666686 4.5458333333333485 3050525.428678751
492 11.412499999999994 7.5291666666666686 3049945.6038316488
493 34.595833333333331 117.29583333333335 3048781.9609305859
494 31.029166666666669 76.754166666666663 3040405.9444825649
495 51.662500000000001 5.6541666666666686 3037862.8998204023
496 29.979166666666664 107.33749999999998 3033554.5556848049
497 -15.495833333333337 28.3125 3031367.8876867294
498 7.4874999999999972 5.8541666666666572 3031054.6625839472
499 39.779166666666669 113.20416666666671 3023113.1573491096
500 21.9375 70.804166666666646 3019379.3725998402
501 35.979166666666664 111.57083333333333 3018993.3526072502
502 30.162500000000001 104.69583333333333 3012875.7609193325
503 25.529166666666669 89.645833333333314 3009239.630095005
504 29.837499999999999 72.9375 3003647.503354311
505 32.512499999999996 115.0625 3000480.2819209099
506 0.012500000000002842 -78.337499999999991 2999390.4856913686
507 7.2874999999999943 125.77083333333337 2991597.5133466721
508 12.912499999999994 7.9875000000000114 2987892.1041181087
509 36.94583333333334 116.70416666666665 2987048.8187119961
510 25.370833333333337 78.920833333333348 2986863.1566722393
511 45.020833333333336 -93.212500000000006 2979273.76529615
512 -13.904166666666669 33.754166666666663 2979155.9361486435
513 28.487499999999997 118.00416666666666 2971883.3450284004
514 12.345833333333331 78.237500000000011 2969861.1906847954
515 39.804166666666667 -104.97916666666667 2958888.4850149378
516 45.529166666666669 11.820833333333326 2934333.0060073435
517 -7.0875000000000057 106.79583333333335 2928881.8758058548
518 -25.8125 32.229166666666657 2926022.3131151199
519 33.962500000000006 114.62083333333334 2919293.3952667713
520 49.045833333333334 -122.78749999999999 2912858.6267003259
521 20.862499999999997 77.370833333333337 2910842.4717919827
522 31.0625 108.38749999999999 2909085.2048544884
523 -25.387499999999989 -57.329166666666666 2903203.4171885252
524 29.87916666666667 31.32916666666668 2901578.1661273241
525 -8.1291666666666629 112.42916666666667 2901454.057349205
526 -11.44583333333334 27.270833333333343 2899294.9230446815
527 26.970833333333339 110.97083333333336 2898735.1581845284
528 14.220833333333331 75.620833333333337 2897476.9495801926
529 31.520833333333336 106.3125 2896730.4525027275
530 14.870833333333337 -91.6875 2895775.2061939836
531 38.204166666666673 106.23749999999995 2889469.0675901175
532 55.945833333333333 -3.7375000000000114 2888689.3929130626
533 40.345833333333331 49.770833333333343 2888192.9602966309
534 24.120833333333337 83.870833333333337 2884392.002966404
535 33.587500000000006 73.787499999999994 2883093.0118033886
536 40.662500000000001 110.24583333333334 2871944.0159372091
537 -6.4541666666666657 108.15416666666664 2870132.9232845306
538 26.562499999999993 89.320833333333326 2869071.0380399227
539 41.229166666666664 -8.4208333333333201 2864245.4204754084
540 28.587500000000006 104.92916666666667 2864055.9373743534
541 34.479166666666664 133.71249999999998 2863405.003421545
542 28.020833333333329 -82.404166666666669 2863111.4613773823
543 24.212499999999991 115.73750000000001 2851471.6775021553
544 -7.6708333333333201 109.39583333333331 2845551.9618492126
545 13.295833333333334 79.295833333333348 2839947.0770897865
546 -3.2291666666666572 104.54583333333335 2838336.9571428299
547 36.262500000000003 43.554166666666674 2837142.7545520067
548 17.837500000000006 75.6875 2836855.8586616516
549 21.637499999999989 92.112500000000011 2835964.4948959351
550 16.045833333333334 80.145833333333314 2833446.8803806305
551 34.654166666666661 73.154166666666669 2832508.6802356243
552 26.854166666666664 93.970833333333303 2830898.646756649
553 41.045833333333341 -73.237499999999997 2829937.8197406977
554 -16.579166666666666 -49.212500000000006 2829217.6328072548
555 27.37083333333333 95.012499999999989 2828124.2450788021
556 37.445833333333333 118.09583333333336 2827882.9899930954
557 25.762500000000003 86.662500000000023 2825298.9416451454
558 6.2958333333333343 80.4375 2818284.8990421295
559 5.4791666666666714 100.57083333333333 2815415.505833149
560 24.92916666666666 76.120833333333337 2813065.1678934097
561 18.5625 83.745833333333337 2804656.5605258942
562 27.570833333333333 83.520833333333314 2803903.6710722446
563 15.487499999999997 76.904166666666697 2801805.2304058075
564 0.78750000000000853 35.02916666666664 2799049.153976202
565 21.837499999999991 86.945833333333326 2798441.8837885857
566 26.762499999999996 74.845833333333331 2793996.8244423866
567 24.970833333333331 91.412499999999966 2790603.3418235779
568 23.3125 110.16250000000002 2790166.196205616
569 27.912499999999994 75.237500000000011 2785814.2055556774
570 34.145833333333329 -5.3625000000000114 2785378.9891554713
571 24.837499999999991 73.954166666666652 2784802.7611362934
572 9.8375000000000057 -13.487499999999983 2781203.374569416
573 7.1458333333333286 80.820833333333326 2780713.477540493
574 11.029166666666669 -74.504166666666663 2776245.2209673524
575 26.3125 90.862500000000011 2770581.1202187538
576 14.529166666666669 33.245833333333337 2764081.1357111931
577 51.479166666666664 -2.9625000000000057 2763667.9977786355
578 40.37083333333333 29.304166666666674 2759905.6727012396
579 17.412500000000009 74.270833333333314 2749177.2482917309
580 43.987500000000004 126.1875 2745874.3694084883
581 34.154166666666669 132.67916666666667 2744215.3687598705
582 31.279166666666669 113.79583333333335 2739672.6042044163
583 28.204166666666666 116.63749999999999 2738964.7404198647
584 22.879166666666663 -82.395833333333343 2737411.3638887107
585 40.570833333333333 111.42916666666667 2730104.7030733824
586 -0.58749999999999147 100.49583333333334 2724937.1254415512
587 6.0958333333333314 5.8541666666666572 2720842.3384354115
588 36.6875 101.6875 2716072.7819533348
589 26.770833333333336 76.704166666666652 2710375.9019880295
590 32.87083333333333 119.40416666666664 2710285.2018508911
591 24.045833333333334 109.41250000000002 2708392.9461278915
592 45.604166666666671 4.7374999999999829 2704563.8658056557
593 25.579166666666666 114.71249999999998 2699205.4141440392
594 30.329166666666666 78.020833333333371 2692801.0656096935
595 23.654166666666669 72.95416666666668 2681448.2936692238
596 21.454166666666666 80.137500000000045 2677820.3074564934
597 18.137500000000003 76.820833333333326 2677724.6237711906
598 29.9375 119.98750000000001 2677381.9301776886
599 55.74583333333333 12.545833333333348 2676468.1419531517
600 39.512500000000003 125.96249999999998 2673974.9857048988
601 30.862499999999997 119.86250000000001 2673678.8084917068
602 42.99583333333333 141.44583333333333 2668944.3065340519
603 20.920833333333334 76.179166666666674 2667427.5083925724
604 5.5041666666666629 7.6374999999999886 2657832.9965147972
605 13.379166666666663 123.42916666666667 2652987.7461271286
606 35.49583333333333 126.94583333333333 2650176.278488636
607 0.12916666666666288 29.395833333333343 2650124.9175751209
608 -1.2458333333333371 -48.170833333333348 2649479.7364150286
609 40.079166666666666 124.77916666666664 2648770.3175681829
610 30.295833333333334 73.804166666666674 2648151.6963267326
611 6.0208333333333286 38.254166666666691 2646786.3446784019
612 34.179166666666667 113.22083333333336 2643779.1418786049
613 20.5625 -100.70416666666667 2641713.4553678036
614 35.404166666666661 138.87083333333334 2633198.864566803
615 21.895833333333329 81.579166666666652 2631287.4995412827
616 30.412499999999994 47.904166666666669 2627451.8339061737
617 28.012500000000003 69.137500000000017 2626515.7263138294
618 33.345833333333331 117.77083333333331 2626469.0571980476
619 51.945833333333333 8.2375000000000114 2616044.6920137107
620 26.12916666666667 73.32916666666668 2607908.2085654736
621 40.970833333333339 120.91250000000002 2600998.1623010635
622 20.637500000000003 74.420833333333348 2598502.4598543644
623 24.387499999999989 85.579166666666708 2595953.1895666122
624 36.045833333333334 140.37916666666666 2591871.8057935238
625 35.49583333333333 118.37083333333334 2587055.4552059174
626 33.387500000000003 113.0625 2575679.8471810818
627 51.520833333333329 0.84583333333333144 2567665.8199346811
628 38.429166666666667 68.337500000000006 2566918.2043918371
629 27.454166666666666 105.0625 2566590.6057393551
630 27.995833333333337 114.72916666666669 2565053.5250940323
631 44.94583333333334 7.7541666666666629 2563501.9711772501
632 31.75416666666667 76.495833333333337 2561565.6364645958
633 32.295833333333327 116.09583333333336 2559074.9627993107
634 9.6625000000000085 8.6708333333333485 2556079.8584882021
635 22.762500000000003 109.48750000000001 2547393.537003994
636 54.787500000000001 -1.5124999999999886 2542433.1888745315
637 28.795833333333334 112.9041666666667 2539915.9854261875
638 18.67916666666666 78.512499999999989 2538364.0005044937
639 48.304166666666667 37.729166666666686 2537248.6915854216
640 -7.0958333333333314 113.54583333333335 2528985.6958684921
641 27.787499999999994 106.65416666666664 2528269.0207183361
642 18.887500000000003 105.5625 2527694.175055027
643 35.654166666666669 -0.19583333333332575 2524210.5029094815
644 21.837499999999991 111.21249999999998 2521836.750638485
645 34.970833333333339 36.362500000000011 2520294.5549463034
646 18.204166666666666 -66.229166666666671 2507419.744430244
647 6.9541666666666657 8.9708333333333599 2504754.3314490318
648 33.00416666666667 35.345833333333303 2502937.9285998344
649 53.979166666666671 28.045833333333348 2495052.0767539144
650 10.079166666666666 78.804166666666674 2491704.7447757721
651 43.345833333333339 77.045833333333348 2484122.1934477091
652 34.729166666666664 110.74583333333334 2464359.8501205444
653 8.0625 38.079166666666652 2463385.8664391041
654 38.112500000000004 140.59583333333336 2461792.416519165
655 41.279166666666669 -81.712500000000006 2453559.0276951715
656 17.212500000000006 79.9375 2450772.8178071976
