1 22.712500000000006 113.6541666666667 49975454.161797523 Guangzhou/Shenzhen/Hong Kong
2 -6.5625 107.15416666666664 41845804.778377533 Jakarta
3 23.662500000000009 90.670833333333348 41321003.680661201 Dhaka
4 30.579166666666666 31.195833333333354 41099848.753158808 Cairo
5 28.912500000000001 77.454166666666652 40792292.105540276 Delhi
6 31.354166666666671 120.9375 40308723.612367392 Shanghai
7 22.804166666666674 88.3125 38222543.270757198 Kolkata
8 35.854166666666664 139.64583333333331 37915680.516976833 Tokyo
9 39.545833333333334 116.70416666666665 33100966.889771104 Beijing
10 18.862499999999997 73.370833333333337 29955994.959860325 Mumbai
11 26.0625 85.487500000000011 29682360.261935949
12 14.504166666666663 120.94583333333333 28217755.197591782
13 37.212499999999999 127.2208333333333 26937362.628275633
14 19.337499999999991 -99.279166666666669 26526180.542919934
15 -23.287500000000009 -46.887499999999989 25746832.631697774
16 31.9375 74.537499999999994 24207616.932021618
17 25.57083333333334 82.504166666666663 22534491.537822962
18 26.462499999999999 83.9375 21933114.278012753
19 -7.6124999999999972 112.29583333333329 19818096.200797081
20 26.429166666666667 80.929166666666674 19803598.161040068
21 25.520833333333329 86.65416666666664 19743886.101169109
22 30.579166666666666 104.15416666666664 19594812.769735336
23 20.787500000000009 106.09583333333336 19517373.965110779
24 32.029166666666661 119.42083333333335 19432412.880746126
25 24.67916666666666 89.912499999999966 19384267.669374466
26 14.004166666666663 100.37083333333334 19204913.815242767
27 24.370833333333323 88.429166666666674 19085876.392776966
28 6.9625000000000057 3.5374999999999943 18837450.73711729
29 34.762499999999996 135.38749999999999 18779595.941394806
30 40.670833333333327 29.179166666666646 18569699.832389593
31 28.604166666666671 78.879166666666663 18386623.842893839
32 34.645833333333336 113.0958333333333 18141426.007202864
33 25.279166666666669 84.587499999999977 18079535.069891453
34 10.537499999999994 106.48750000000001 18062469.338960171
35 13.095833333333331 79.6875 17941251.022019386
36 40.895833333333336 -73.862499999999997 17903175.030252442 New York City
37 55.720833333333331 37.912500000000023 17805951.948268704
38 -7.4208333333333343 110.45416666666665 17801089.717634201
39 26.929166666666667 82.604166666666629 17759781.540210962
40 27.637500000000003 77.979166666666629 17744441.86577177
