1 22.82083333333334 113.6875 60084228.636636734 Guangzhou/Shenzhen/Hong Kong
2 23.770833333333329 90.537500000000023 50056871.023801804 Dhaka
3 -6.6124999999999972 107.13749999999999 49143157.741588593 Jakarta
4 31.370833333333337 120.96249999999998 48782702.875262976 Shanghai
5 28.554166666666667 77.72083333333336 48327624.911572933 Delhi
6 30.720833333333331 31.22083333333336 47528951.149173379 Cairo
7 22.770833333333329 88.520833333333314 46280703.847343445 Kolkata
8 25.9375 85.529166666666697 41277197.102211475 Patna
9 35.970833333333331 139.77083333333331 40997400.772210836 Tokyo
10 39.454166666666666 116.83749999999998 38989738.562565207 Beijing
