1 22.845833333333331 113.6541666666667 61700830.10711956 Guangzhou/Shenzhen/Hong Kong
2 23.954166666666666 90.47083333333336 53143499.95969677 Dhaka
3 31.345833333333331 120.72916666666669 52862504.863711357 Shanghai
4 28.679166666666667 77.904166666666697 51799143.012639523 Delhi
5 -6.55416666666666 107.17083333333335 50650832.346693993 Jakarta
6 30.745833333333337 31.137499999999989 49145486.853157759 Cairo
7 22.829166666666666 88.429166666666674 49001720.355339527 Kolkata
8 25.895833333333343 85.429166666666674 45147073.688458443 Patna (northern India)
9 35.945833333333333 139.73749999999995 41694289.200325489 Tokyo
10 39.420833333333334 116.8125 41534902.067764163 Beijing
11 19.212499999999991 73.595833333333331 37537340.960939646
12 25.795833333333334 82.579166666666652 34331847.540192366
13 31.9375 73.729166666666657 32487799.868632793
14 14.512500000000003 121.03750000000002 32035181.610002518
15 19.345833333333331 -98.920833333333334 31475004.673632503
16 26.562499999999993 84.087499999999977 30571218.891451597
17 24.4375 88.787500000000023 30383037.008742809
18 37.095833333333331 127.22916666666669 30050482.260948181
19 25.629166666666663 87.245833333333337 29800882.650331497
20 -23.295833333333334 -46.704166666666652 29306340.051827431
21 26.962499999999999 80.887499999999989 28199387.225739956
22 34.49583333333333 113.25416666666666 26255791.264361143
23 -7.5791666666666657 112.16249999999997 25793541.25357151
24 25.837500000000006 89.120833333333337 25122211.404849291
25 34.887499999999996 136.20416666666671 24828753.498505592
26 30.729166666666671 104.49583333333334 24367400.950037479
27 20.879166666666663 105.96250000000003 23749703.574149609
28 27.345833333333331 78.729166666666629 23258546.050610065
29 10.612499999999997 106.15416666666664 23197856.820933819
30 -7.2958333333333343 110.32083333333333 23135397.099708557
31 34.037500000000009 72.379166666666663 23117976.788839102
32 32.062499999999993 119.1875 23101513.766613245
33 29.787500000000001 120.72083333333336 22959089.444191456
34 36.454166666666666 115.03750000000002 22678853.708220482
35 12.662499999999994 79.629166666666663 22088931.537509918
