1 30.070833333333333 31.245833333333309 14992277.369871378      Cairo
2 28.637500000000003 77.195833333333326 14542560.88724637       Delhi
3 31.229166666666671 121.4375 14106472.055755138                Shanghai
4 19.154166666666669 72.895833333333343 13748897.110159636      Mumbai
5 22.5625 88.345833333333303 13443208.605975151                 Kolkata
6 23.729166666666671 90.4375 13112225.286873817                 Dhaka
7 24.904166666666669 67.07916666666668 12737372.480107784       Karachi
8 39.9375 116.36250000000001 12128913.044095039                 Beijing
9 14.645833333333343 121.0625 12128338.216883659                Manila
10 -6.2458333333333229 106.83749999999998 11048869.50729084     Jakarta
11 13.045833333333334 77.570833333333326 10362701.297496796     Bengaluru
12 37.545833333333327 126.98750000000001 9634689.3475866318     Seoul
13 35.704166666666666 139.7208333333333 9559108.7767157555      Tokyo
14 19.42916666666666 -99.087500000000006 9417350.0611326993     Mexico City
15 6.57083333333334 3.2874999999999943 9286784.4460906982       Lagos
16 23.120833333333337 113.22083333333336 9218543.6373543739     Guangzhou
17 41.037500000000001 28.9375 8880528.3524903059                Istanbul
18 55.762499999999996 37.620833333333366 8736808.8996686041     Moscow
19 10.829166666666666 106.6875 8708033.2433171272               Ho Chi Minh City
20 -23.595833333333331 -46.54583333333332 8426599.0812553167    Sao Paulo
21 13.0625 80.1875 8245081.7005362511                           Chennai
22 4.6458333333333286 -74.120833333333337 8108887.2911403775    Bogota
23 31.520833333333336 74.304166666666674 7762232.9309873581     Lahore
24 35.695833333333333 51.379166666666663 7643085.583784461      Tehran
25 13.762500000000003 100.54583333333329 7456454.8294639587     Bangkok
26 17.420833333333334 78.479166666666629 7444652.1954779625     Hyderabad
27 40.729166666666664 -73.912500000000009 7211061.4387042969    New York City
28 22.579166666666666 114.02083333333337 7156229.2766299248     Shenzhen
29 -34.662500000000009 -58.504166666666663 7088444.5392866135   Buenos Aires
30 48.87083333333333 2.3708333333333087 6991811.0317884982      Paris
31 23.0625 72.5625 6932104.9627635479                           Ahmedabad
32 -4.3375000000000057 15.320833333333354 6883502.4604930878    Kinshasa/Brazzaville
33 -12.037500000000009 -77.012500000000003 6845922.122669816    Lima
34 30.637500000000003 104.03750000000002 6740636.3959832191     Chengdu
35 39.120833333333337 117.17916666666667 6483930.2465641499     Tianjin
36 -6.9208333333333343 107.59583333333336 6477658.2214622498    Bandung
37 30.545833333333334 114.30416666666667 6452677.3821880817     Wuhan
38 34.720833333333331 135.50416666666666 6329795.352745533      Osaka
39 18.5625 73.854166666666657 6324781.883368969                 Pune
40 25.029166666666669 121.4375 6244966.6103262901               Taipei
41 -8.8958333333333428 13.304166666666646 6081893.8266482353    Luanda
42 22.370833333333337 114.17083333333335 5864607.1090226173     Hong Kong
43 -22.845833333333346 -43.354166666666686 5859485.484760046    Rio de Janeiro
44 1.3791666666666629 103.83749999999998 5709989.8854436874     Singapore
45 51.512499999999996 -0.087500000000005684 5706133.5005937144  London
46 -33.504166666666677 -70.645833333333343 5696398.6793481112   Santiago
47 16.862499999999997 96.162500000000023 5621231.8591680527     Yangon
48 35.49583333333333 139.55416666666667 5590017.5674571991      Yokohama
49 21.137500000000003 72.770833333333343 5563902.1257808208     Surat
50 41.770833333333329 123.37083333333334 5517139.0195256472     Shenyang
51 14.395833333333329 120.97916666666669 5427757.7368059158     Muntinlupa
52 -23.55416666666666 -46.770833333333314 5265731.952849865     Osasco
53 32.054166666666667 118.77083333333331 5262888.0198397636     Nanjing
54 34.254166666666663 108.92916666666667 5029247.2129473686     Xi'an
55 -6.8375000000000057 39.212500000000006 5016849.8099799156    Dar es Salaam
56 -6.4874999999999972 106.8125 5014235.7712650299              Depok/Bogor
57 15.604166666666671 32.512500000000017 4918726.2123370171     Khartoum
58 37.429166666666667 126.80416666666667 4865603.0538930893     Incheon
59 -6.2041666666666657 106.62916666666666 4768969.285451889     Tangerang
60 33.337499999999999 44.387499999999989 4712715.1000730991     Baghdad
61 31.19583333333334 30.012500000000017 4648173.9856003523      Alexandria
62 29.50416666666667 106.50416666666666 4639339.6888494492      Chongqing
63 -6.32083333333334 107.0291666666667 4553159.8179960251       Bekasi
64 34.529166666666669 69.17083333333332 4542266.8631286621      Kabul
65 -7.3291666666666657 112.6875 4503933.0007314682              Surabaya
66 5.3458333333333314 -3.9875000000000114 4457686.8133398294    Abidjan
67 34.74583333333333 113.67083333333335 4443860.8889126778      Zhengzhou
68 24.6875 46.712499999999977 4439158.7176251411                Riyadh
69 23.962500000000006 90.329166666666652 4427121.6405091286     Tongi
70 20.637500000000003 -103.37083333333332 4371946.7235623896    Guadalajara
71 21.045833333333334 105.83749999999998 4364421.3155107498     Hanoi
72 26.512499999999996 80.362500000000011 4347230.2505919933     Kanpur
73 -1.2291666666666714 36.8125 4335270.5853278637               Nairobi
74 26.820833333333333 80.979166666666686 4314589.3157479763     Lucknow
75 3.1208333333333371 101.6541666666667 4300798.3994522095      Kuala Lumpur
76 22.387500000000003 91.845833333333303 4297649.857609272      Chattogram
77 11.94583333333334 8.5291666666666686 4277590.1448954344      Kano
78 45.729166666666664 126.66250000000002 4230434.5714373589     Harbin
79 30.262500000000003 120.2208333333333 4205988.8878121376      Hangzhou
80 59.9375 30.304166666666674 4200532.9147109501                St Petersburg
81 25.295833333333334 83.012499999999989 4191208.422118187      Varanasi
82 35.74583333333333 139.4375 4127778.5641229153                Hachioji
83 40.387499999999996 -3.7125000000000057 4081782.5828064382    Madrid
84 26.912500000000001 75.82916666666668 4026982.0022308826      Jaipur
85 33.645833333333329 73.095833333333331 3957737.3511981964     Islamabad
86 31.4375 73.162499999999994 3937735.4070687294                Faisalabad
87 22.69583333333334 113.8458333333333 3877285.4039540291       Fuyong subdistrict
88 31.837499999999999 117.29583333333335 3857802.2410168648     Hefei
89 28.57083333333334 77.395833333333314 3801326.3166182041      Noida
90 33.5625 -7.5708333333333258 3783400.2216218114               Casablanca
91 -19.870833333333337 -44.020833333333343 3777070.3465777636   Belo Horizonte
92 8.9958333333333371 38.770833333333343 3775787.2835431099     Addis Ababa
93 19.604166666666671 -99.120833333333337 3769480.8965111971    Tlalnepantla de Baz
94 19.195833333333326 73.129166666666663 3762258.5573415756     Kalyan
95 27.67916666666666 85.337499999999977 3758243.6560685635      Kathmandu
96 25.595833333333331 85.204166666666652 3725009.3001456261     Patna
97 37.329166666666666 127.08749999999998 3717482.1837072372     Suwon
98 24.5625 118.09583333333336 3660123.6962542534                Xiamen
99 39.954166666666666 32.770833333333314 3594978.946901083      Ankara
100 37.820833333333333 112.53750000000002 3568307.3683536053    Taiyuan
101 25.287499999999994 55.395833333333343 3566025.9451999664    Dubai/Sharjah
102 3.8541666666666714 11.512499999999989 3562253.2888596058    Yaounde
103 28.1875 112.98750000000001 3538500.8558278084               Changsha
104 25.412499999999994 81.787500000000023 3524580.4089009762    Prayagraj
105 25.704166666666666 -100.28749999999999 3516906.6798839569   Monterrey
106 35.75416666666667 139.99583333333334 3503937.3674902916     Funabashi
107 41.454166666666666 2.0875000000000057 3499118.8850951493    Barcelona
108 27.954166666666666 120.69583333333333 3496969.8230366707    Wenzhou
109 23.020833333333343 113.86250000000001 3491438.4886045456    Dongguan
110 6.2291666666666714 -75.537499999999994 3490082.8702681661   Medellin
111 35.179166666666667 136.92916666666667 3486611.9286236763    Nagoya
112 43.895833333333336 125.3125 3462904.0696130991              Changchun
113 18.487499999999997 -69.92083333333332 3430052.6622189879    Santo Domingo
114 31.99583333333333 35.962499999999977 3422416.8881431818     Amman
115 0.34583333333333144 32.5625 3405902.2669839859              Kampala
116 5.6291666666666629 -0.20416666666665151 3405822.4049381018  Accra
117 34.004166666666663 -118.24583333333334 3401310.2736648768   Los Angeles
118 37.987500000000004 23.754166666666663 3364245.5546883345    Athens
119 14.737499999999997 -17.379166666666663 3355556.163764596    Dakar
120 40.937500000000007 29.254166666666663 3335114.5572173595    Sultanbeyli
121 38.054166666666667 114.48750000000001 3333029.0002288818    Shijiazhuang
122 35.195833333333333 129.02083333333331 3322178.5784823895    Busan
123 -3.8041666666666742 -38.554166666666674 3318782.6231201887  Fortaleza
124 31.304166666666674 120.62916666666666 3307946.779856205     Suzhou
125 3.5958333333333314 98.695833333333326 3299298.9179668427    Medan
126 41.25416666666667 69.237499999999983 3286362.7300851345     Tashkent
127 28.645833333333336 115.88749999999999 3259131.3262162209    Nanchang
128 26.020833333333336 119.32083333333333 3254044.7329125404    Fuzhou
129 25.020833333333329 102.75416666666666 3249052.3939433098    Kunming
130 -6.1208333333333229 23.637500000000017 3239882.177999258    Mbuji-Mayi
131 22.862499999999997 88.387499999999989 3234003.2287197113    Chandannagar
132 7.4041666666666686 3.9125000000000227 3225084.4985051155    Ibadan
133 36.679166666666674 117.0625 3201990.9577817917              Jinan
134 10.487499999999997 -66.895833333333329 3176301.1814098358   Caracas
135 21.512499999999989 39.212500000000006 3166871.4923419952    Jeddah
136 22.645833333333329 75.812499999999972 3164978.0485200882    Indore
137 18.979166666666657 72.92083333333332 3162471.356790781      Navi Mumbai
138 12.620833333333337 -7.9708333333333314 3155098.0424711704   Bamako
139 -12.904166666666669 -38.429166666666674 3144451.5924170017  Salvador
140 21.17916666666666 79.02916666666664 3143813.5958342552      Nagpur
141 35.74583333333333 51.029166666666669 3138415.9278541803     Karaj
142 43.862500000000004 87.612500000000011 3124985.6045781374    Urumqi
143 23.729166666666671 86.895833333333314 3115171.0888080597    Asansol
144 -33.979166666666671 18.57916666666668 3103326.9723565578    Cape Town
145 36.1875 120.35416666666669 3083279.7319567204               Qingdao
146 -8.0374999999999943 -34.929166666666646 3063574.2773445845  Recife
147 36.712500000000006 3.1125000000000114 3062327.3393648267    Algiers
148 52.495833333333337 13.404166666666669 3059080.5845128       Berlin
149 31.604166666666664 120.3125 3047122.7630460262              Wuxi
150 6.7208333333333314 -1.6124999999999829 3031301.835483551    Kumasi
151 4.07083333333334 9.6958333333333542 3003087.449272871       Duola
152 -26.1875 27.92083333333332 2994843.605132103                Johannesburg
153 35.920833333333334 139.67916666666667 2993535.2198982239    Saitama
154 33.995833333333337 71.529166666666697 2984917.2278001308    Peshawar
155 33.495833333333337 36.34583333333336 2971927.6605939865     Damascus
156 36.3125 59.579166666666652 2956662.5491044521               Mashhad
157 31.004166666666663 121.33749999999998 2955737.2223825455    Songjiang district
158 24.820833333333326 118.54583333333335 2953039.4935512543    Quanzhou
159 28.604166666666671 77.012499999999989 2935992.5782346725    Bahadurgarh/Gurugram
160 29.25416666666667 47.995833333333337 2921901.4226741791     Kuwait City
161 43.762499999999996 -79.412500000000009 2920197.6439459696   Toronto
162 -23.470833333333331 -46.42083333333332 2916374.0038313866   Itaquaquecetuba
163 39.020833333333329 125.6875 2900191.8629465103              Pyongyang
164 27.12916666666667 77.954166666666652 2890864.5044686794     Agra
165 14.579166666666666 -90.537500000000009 2874215.7663722634   Guatemala
166 23.487500000000011 116.6875 2874203.4375052452              Shantou                         China           Asia
167 39.012500000000003 121.63749999999999 2871507.648840189     Dalian                          China           Asia
168 18.570833333333326 -72.32083333333334 2842786.5694828033    Port-au-Prince                  Haiti           North America
169 32.087499999999999 74.179166666666646 2836341.1075286865    Gujranwala                      Pakistan        Asia
170 38.420833333333334 27.129166666666663 2824568.0025224686    Izmir                           Turkey          Asia
171 24.154166666666669 120.60416666666669 2816072.0033254623    Taichung City                   Taiwan          Asia
172 6.9041666666666686 79.945833333333326 2810151.363445282     Colombo                         Sri Lanka       Asia
173 -2.1708333333333201 -79.920833333333334 2810100.4797033668  Guayaquil                       Ecuador         South America
174 12.387500000000003 -1.5291666666666686 2784202.4729840755   Ouagadougou                     Burkina Faso    Africa
175 26.587499999999999 106.6875 2773756.3363513947              Guiyang                         China           Asia
176 45.545833333333334 9.1624999999999943 2762785.5867755115    Milan                           Italy           Europe
177 50.445833333333333 30.529166666666669 2759578.9642853439    Kyiv                            Ukraine         Europe
178 22.754166666666663 114.17916666666667 2749371.4606485367    Shenzhen area #3 northeast      China           Asia
179 22.862499999999997 113.27916666666664 2721660.4472727776    Guangzhou area #2 south         China           Asia
180 22.804166666666674 108.36250000000001 2710418.017739296     Nanning                         China           Asia
181 -34.8125 -58.329166666666652 2689348.511148572              Buenos Aires #2 southeast       Argentina       South America
182 33.862499999999997 35.620833333333309 2677294.8594667912    Beirut                          Lebanon         Asia
183 29.895833333333336 121.57916666666665 2673491.4378762245    Ningbo                          China           Asia
184 15.379166666666663 44.229166666666657 2672958.6213982105    Sana'a                          Yemen           Asia
185 30.1875 71.437500000000028 2671283.1560475826               Multan                          Pakistan        Asia
186 19.354166666666671 -99.212500000000006 2652792.215775013    Mexico City #3 southwest        Mexico          North America
187 30.970833333333331 31.29583333333332 2639874.5793956518     Mansoura                        Egypt           Africa
188 41.879166666666663 -87.729166666666657 2638828.8563618585   Chicago                         USA             North America
189 28.395833333333329 77.195833333333326 2635054.8211741447
190 -18.879166666666663 47.512499999999989 2634757.7343344688
191 31.75416666666667 119.98750000000001 2602575.7097160816
192 34.920833333333327 135.70416666666671 2582883.3194158077
193 -15.429166666666674 28.287499999999994 2579873.5526447296
194 29.029166666666661 77.670833333333348 2557418.3076920509
195 -25.45416666666668 -49.254166666666663 2538121.6073100567
196 22.637500000000003 120.38749999999999 2529652.3426766396
197 26.687499999999993 83.320833333333326 2528457.4801409245
198 -34.529166666666669 -58.662499999999994 2518782.8727040291
199 22.345833333333331 73.129166666666663 2518429.9906611443
200 3.3708333333333371 -76.504166666666663 2510864.1501649022
201 -25.862500000000011 32.529166666666669 2487270.3188033104
202 36.070833333333333 103.76249999999999 2473527.0993235111
203 19.362499999999997 72.870833333333337 2468620.2283596992
204 35.845833333333331 128.61250000000001 2454741.464163065
205 30.670833333333334 76.737500000000011 2437621.2399768829
206 10.337499999999991 123.88749999999999 2434643.3697853088
207 40.904166666666661 14.295833333333348 2432032.0104347467
208 41.887500000000003 12.52916666666664 2428775.6510254741
209 -22.879166666666677 -43.104166666666657 2427635.7771222591
210 55.595833333333331 37.587500000000006 2424322.5580458418
211 6.0625 6.9375 2402445.556375742
212 10.979166666666671 77.004166666666663 2380730.4316382408
213 -11.629166666666677 27.487499999999983 2377597.1969370842
214 19.3125 -98.954166666666666 2377300.9473508596
215 25.270833333333329 82.5625 2371388.9926357269
216 23.32083333333334 116.40416666666664 2366692.4431204796
217 32.062499999999993 34.870833333333309 2335613.7454940081
218 23.204166666666666 77.4375 2334647.691945076
219 36.220833333333331 37.137500000000017 2333895.0439841747
220 -30.012499999999989 -51.145833333333314 2333407.3241125345
221 30.67916666666666 31.012500000000017 2322697.7484971285
222 45.554166666666667 -73.620833333333323 2309222.4280976988
223 19.079166666666666 -98.220833333333331 2306223.4493928552
224 -7.0625 110.4375 2305495.8959112167
225 30.270833333333336 31.337499999999977 2278785.3036527634
226 -33.854166666666671 151.12083333333334 2276528.1606245041
227 52.512500000000003 -1.9708333333333314 2274845.2272664458
228 10.637500000000003 -71.712500000000006 2272943.1786236763
229 32.679166666666667 51.637499999999989 2268594.6928319931
230 30.637500000000003 31.379166666666691 2263602.3153313398
231 36.795833333333334 10.212500000000006 2262281.0678549409
232 28.737499999999997 78.737500000000011 2253872.8517758846
233 -7.7791666666666686 110.39583333333331 2251309.5373506546
234 9.6625000000000085 -13.537499999999994 2250153.9358758926
235 25.329166666666666 68.354166666666657 2241154.8038945198
236 9.92916666666666 78.0625 2219735.6722650528
237 13.904166666666669 100.62916666666666 2204019.0004482269
238 28.295833333333334 79.4375 2191252.337038517
239 -0.21249999999999147 -78.487499999999997 2191069.3780385852
240 30.887500000000003 75.9375 2188929.1142449379
241 26.729166666666664 82.129166666666663 2187245.5189175606
242 31.120833333333337 121.66249999999997 2174389.8002023697
243 6.19583333333334 1.2374999999999829 2168675.2360514402
244 41.179166666666667 123.07083333333333 2168480.6131913662
245 8.5125000000000028 76.979166666666629 2163023.3187875748
246 32.429166666666667 74.4375 2157054.2704691887
247 23.762500000000003 86.40416666666664 2154585.2524456978
248 -17.887500000000003 31.054166666666674 2151127.9360244274
249 -5.1874999999999858 119.47916666666669 2150018.1827220917
250 40.604166666666664 109.91250000000002 2147392.328661561
