1 -6.4791666666666714 106.87916666666666 33580645.944466591 Jakarta
2 28.762500000000003 77.345833333333303 33509365.848278522 Delhi
3 35.670833333333334 139.6875 33411965.92624259 Tokyo
4 30.412499999999994 31.22083333333336 30335960.805075049 Cairo
5 23.870833333333337 90.6875 30252754.300888062 Dhaka
6 31.112499999999997 121.08749999999998 30145277.149574757 Shanghai
7 22.895833333333329 113.52916666666664 29913908.827569008 Guangzhou
8 22.55416666666666 88.304166666666674 28760249.319712162 Kolkata
9 19.129166666666663 73.070833333333326 25342353.655170679 Mumbai
10 37.420833333333334 127.01249999999999 24432557.219858646 Seoul
11 14.579166666666666 120.90416666666664 24039849.436877251 Manila
12 19.30416666666666 -99.212500000000006 23479012.669365913 Mexico City
13 39.954166666666666 116.62916666666666 23223258.147728205 Beijing
14 -23.662500000000009 -46.537499999999994 22552150.508246899 Sao Paulo
15 22.712500000000006 114.26249999999999 20559149.208631992 Shenzhen/Hong Kong
16 13.795833333333334 100.47083333333336 16921405.227777958 Bangkok
17 55.737499999999997 37.745833333333337 16747388.334516123 Moscow
18 25.879166666666663 85.512500000000045 16600628.121978283 Patna (northern India)
19 34.770833333333336 135.36250000000001 16221480.442738771 Osaka
20 31.820833333333333 74.462500000000006 15780728.770443201 Lahore
21 40.845833333333339 29.029166666666669 15407926.715873599 Istanbul
22 40.729166666666664 -74.012500000000003 15376116.16408819 New York City
23 -34.729166666666671 -58.395833333333343 15296331.241690397 Buenos Aires
24 30.795833333333334 104.07916666666665 15061102.16663599 Chengdu
25 10.6875 106.61250000000001 14860948.154427528 Ho Chi Minh City
26 6.7708333333333428 3.3208333333333542 14642705.598594546 Lagos
27 13.012499999999989 77.829166666666652 14635145.480606079 Bengaluru
28 35.645833333333336 51.345833333333331 14582896.335164905 Tehran
29 31.662500000000001 120.34583333333336 14481747.777704954 Changzhou/Wuxi/Suzhou
30 -6.9874999999999972 107.9375 14279906.537335396 Bandung
31 24.879166666666663 67.320833333333326 13807516.443211079 Karachi
32 25.545833333333334 82.754166666666663 13634073.09222436
33 13.045833333333334 79.870833333333337 13507108.550787449
34 51.537499999999994 -0.079166666666651508 13380109.937242746
35 23.387500000000003 116.37916666666666 13182763.616831779
36 -7.5708333333333258 112.49583333333334 12980523.734773636
37 20.862499999999997 106.17083333333329 12972208.024963856
38 -22.712499999999991 -43.3125 12940233.529114604
39 26.654166666666661 80.679166666666674 12882035.877654076
40 39.195833333333326 117.26249999999999 12628959.596027732
41 23.112499999999997 91.120833333333337 12583356.576547146
42 26.354166666666664 84.629166666666663 12507018.103452921
43 30.412499999999994 120.44583333333333 12357533.514930725
44 34.054166666666674 -117.97916666666667 12148242.085991293 Los Angeles
45 32.079166666666659 119.12916666666666 11877501.81901145
46 25.737499999999997 86.354166666666686 11867008.178691387
47 48.904166666666669 2.3375000000000057 11864125.837300181
48 22.720833333333331 72.804166666666674 11814297.802157402
49 30.737499999999997 114.0958333333333 11726900.193783283
50 -7.3958333333333286 110.52083333333331 11553778.528244019
51 31.029166666666669 30.354166666666686 11460600.200077772
52 26.37916666666667 83.479166666666686 11457075.311972857
53 34.837499999999999 113.28750000000002 11335055.616792202
54 34.420833333333334 108.96250000000003 11205709.432647943
55 28.629166666666663 79.054166666666674 11112996.420880556
56 27.495833333333337 78.162499999999966 11063969.062095404
57 24.845833333333331 118.2791666666667 10997351.378201962
58 24.337499999999991 88.229166666666629 10968665.877251625
59 17.429166666666674 78.254166666666663 10938153.194901466
60 -26.029166666666669 28.087500000000006 10925025.668900013
61 24.862499999999997 121.4041666666667 10905262.888648987
62 25.204166666666666 85.079166666666708 10726035.031415462
63 31.037499999999994 31.570833333333326 10705551.607722163
64 41.454166666666666 123.25416666666666 10671086.359211326
65 25.762500000000003 81.745833333333337 10331550.507456779
66 -11.879166666666677 -76.987500000000011 10302194.50904876
67 24.662499999999994 89.77916666666664 10283071.220058918
68 5.8708333333333371 7.1374999999999886 10220088.030187368
69 25.637500000000003 89.204166666666652 10021068.305171967
70 4.7374999999999972 -74.229166666666671 10014967.105608404
71 38.112500000000004 114.85416666666669 9881847.273052454
72 29.645833333333336 106.1875 9869969.0524263382
73 26.554166666666667 85.670833333333348 9810775.3231608868
74 34.029166666666669 71.95416666666668 9779157.2303621769
75 26.454166666666659 82.479166666666686 9745409.6938529015
76 23.279166666666669 88.795833333333292 9719100.2446050644
77 23.837500000000006 86.570833333333326 9700743.3927545547
78 25.737499999999997 87.40416666666664 9603275.9108910561
79 51.237500000000004 7.0791666666666799 9568995.6425083429
80 31.137500000000003 73.362500000000011 9562273.649702549
81 29.729166666666664 77.4375 9494166.0075166225
82 35.095833333333339 136.70416666666665 9443129.358604908
83 20.9375 73.0625 9321642.7929265499
84 25.612499999999997 84.037499999999966 9065880.6306006908
85 1.2625000000000028 103.72083333333336 8967073.7965831757
86 24.754166666666663 90.612500000000011 8950938.8904976845
87 24.0625 89.1875 8934757.6109905243
88 22.954166666666666 89.979166666666629 8879769.7082657814
89 18.795833333333334 74.054166666666674 8862622.023635149
90 33.954166666666666 73.020833333333343 8818467.9624114037
91 36.445833333333326 114.5958333333333 8808516.4510037899
92 28.0625 112.82916666666665 8758184.3450598717
93 27.870833333333337 120.57083333333333 8729166.190205574
94 35.512499999999996 128.84583333333336 8682122.6353332996
95 33.487499999999997 44.262500000000017 8631482.6154358387
96 36.545833333333334 117.4375 8584472.079885006
97 10.945833333333326 76.087499999999977 8551690.2524065971
98 22.329166666666666 91.870833333333337 8520896.3245568275
99 27.195833333333333 81.487500000000011 8500917.816770792
100 16.979166666666671 96.245833333333337 8431831.5028214455
101 11.854166666666671 8.4041666666666401 8374411.426787734
102 32.545833333333341 74.4375 8309889.3699047565
103 25.229166666666671 88.237500000000011 8282902.6202297211
104 2.9874999999999972 101.6875 8268646.4050836563
105 27.462499999999999 80.037500000000023 8261946.3330485821
106 30.754166666666663 76.329166666666652 8232046.2819523811
107 -7.1958333333333258 109.33749999999998 8205773.2922277451
108 24.737499999999997 91.904166666666697 8173417.943552494
109 33.862499999999997 113.72916666666669 8060930.7333779335
110 22.070833333333326 87.545833333333348 8021751.263897419
111 7.05416666666666 80.229166666666686 7947407.0910878181
112 29.845833333333339 121.22083333333336 7933643.827583313
113 -4.4958333333333371 15.520833333333343 7880160.5584011078
114 41.912499999999994 -87.929166666666674 7853358.4755318016 Chicago
115 36.345833333333331 120.00416666666666 7847851.4713196754
116 4.8791666666666629 7.4375 7819037.4387862682
117 27.1875 83.104166666666629 7817078.3984987736
118 51.99583333333333 4.9458333333333258 7745598.4855222106
119 29.795833333333341 71.479166666666686 7695814.190349102
120 27.00416666666667 84.079166666666652 7629220.7798390388
121 -8.8125 13.412500000000023 7615753.5928215981
122 53.50416666666667 -1.9791666666666572 7602148.7786134109
123 25.137500000000003 86.90416666666664 7551642.1752986908
124 -1.1541666666666686 37.037499999999994 7530121.3382589817
125 29.520833333333336 31.054166666666674 7474198.8416124582
126 -33.737499999999997 -70.737500000000011 7460463.1102030277
127 32.112500000000004 35.229166666666686 7413695.3958615065
128 45.604166666666671 9.1958333333333542 7412889.5095039904
129 29.195833333333333 78.204166666666652 7412833.0527215004
130 9.69583333333334 76.495833333333337 7401075.3399963379
131 33.604166666666671 35.879166666666663 7363269.2053228617
132 34.662500000000001 117.12916666666666 7345342.9276938438
133 26.295833333333327 88.454166666666652 7290849.3829054832
134 15.579166666666666 32.695833333333354 7237041.6726148129
135 20.412500000000009 86.220833333333303 7181929.7839422226
136 25.69583333333334 119.35416666666669 7149061.525039196
137 26.979166666666664 76.162500000000023 7104804.9293055534
138 31.520833333333336 117.44583333333333 7085982.7824099064
139 39.029166666666669 115.85416666666669 7083380.7475465536
140 35.487500000000004 116.46250000000003 7077270.5145609379
141 11.145833333333329 77.354166666666686 7062734.8463478088
142 28.44583333333334 115.77083333333331 7061689.3027844429
143 23.762500000000003 89.887499999999989 6841503.2936654091
144 45.779166666666669 126.46249999999998 6794033.6459671259
145 37.5625 112.26249999999999 6789324.4695630074
146 7.5458333333333343 4.2291666666666856 6731330.0271521807
147 16.82083333333334 81.854166666666686 6724019.5356192589
148 23.662500000000009 87.904166666666697 6720317.7422046661
149 -6.57083333333334 39.137499999999989 6702436.2664375305
150 35.204166666666673 114.27916666666664 6695107.4057538509
151 40.429166666666667 -3.6624999999999943 6692015.769123286
152 26.37083333333333 86.945833333333326 6669336.4487173557
153 33.379166666666663 115.04583333333335 6640638.1556088924
154 21.604166666666657 110.54583333333335 6636154.5151515007
155 8.5958333333333314 77.329166666666652 6602294.3966288567
156 39.129166666666663 -77.012500000000003 6550060.6443264484
157 43.62083333333333 -79.6875 6536397.1575557068
158 52.712499999999999 -1.7208333333333314 6522292.6844794825
159 32.529166666666661 120.0291666666667 6506615.0215291977
160 37.0625 118.33749999999998 6490821.7862668037
161 36.495833333333337 3.1875000000000284 6490315.2925629616
162 16.654166666666669 74.429166666666646 6485180.1232481003
163 16.42916666666666 80.762499999999989 6470698.381228447
164 24.620833333333323 46.612500000000011 6428423.4229831696
165 22.895833333333329 112.83750000000003 6404272.5292258263
166 34.804166666666667 118.39583333333337 6372607.3210535049
167 35.912500000000001 115.4375 6341389.8065743446
168 32.295833333333327 35.987499999999983 6337098.3025825024
169 24.979166666666671 85.954166666666652 6333332.4205741882
170 39.287499999999994 125.80416666666667 6260346.930783987
171 24.770833333333329 84.40416666666664 6258103.0611543655
172 10.287499999999994 -67.145833333333329 6245318.9473344088
173 11.920833333333334 79.370833333333337 6245126.7976956367
174 32.829166666666666 -96.962500000000006 6234100.5722680986
175 -7.8458333333333314 111.8125 6217500.8943443298
176 34.837499999999999 69.304166666666646 6217249.5261003971
177 24.895833333333329 89.004166666666663 6211093.5408992767
178 28.295833333333334 78.195833333333326 6202315.2239327431
179 0.53750000000000853 32.804166666666674 6178424.8907501698
180 26.37083333333333 91.412499999999966 6140113.6547422409
181 27.354166666666664 85.104166666666629 6099569.0990610123
182 -6.3125000000000142 106.19583333333333 6097814.2585515976
183 26.887499999999996 79.345833333333303 6092309.8319194317
184 5.82083333333334 -0.41249999999999432 6086630.7084202766
185 22.895833333333329 75.645833333333343 6060830.0679376125
186 33.795833333333334 -7.2041666666666515 6053308.3347327113
187 39.837500000000006 118.29583333333335 5981400.6332025528
188 29.179166666666667 105.17916666666667 5970036.2315955162
189 27.979166666666671 77.02916666666664 5963561.784509182
190 31.520833333333336 75.420833333333348 5951615.9251589775
191 37.654166666666661 -121.97083333333333 5941877.4696504362
192 30.454166666666666 72.6875 5928624.2997057438
193 34.4375 112.44583333333333 5914503.0079953671
194 21.570833333333326 39.512499999999989 5862160.0511548519
195 9.7708333333333286 77.737500000000011 5860089.4082608223
196 3.4541666666666657 98.745833333333337 5838269.6072292328
197 34.829166666666666 115.59583333333336 5838077.0974910259
198 10.737499999999997 79.087500000000034 5829977.4270577431
199 8.9375 39.095833333333331 5820646.7125825882
200 29.795833333333341 -95.387500000000003 5811968.4449063689
201 21.129166666666663 81.65416666666664 5797668.2812056541
202 26.595833333333339 77.987500000000011 5762491.5752336979
203 32.804166666666667 112.53750000000002 5759731.2695653439
204 28.520833333333329 121.21249999999998 5752999.9453582764
205 26.412500000000001 89.412499999999966 5746621.973074913
206 25.645833333333329 -100.57083333333333 5739606.9770978987
207 24.712499999999991 102.82083333333333 5732507.3701353073
208 20.57083333333334 -103.14583333333333 5722521.7534612864
209 59.887500000000003 30.40416666666664 5717787.3269632924
210 33.995833333333337 74.787499999999966 5715825.9400873184
211 33.929166666666674 119.0291666666667 5706036.2255945206
212 25.487499999999997 68.654166666666669 5704201.3092870712
213 27.904166666666669 79.245833333333337 5688099.0702815056
214 -7.0708333333333258 108.53749999999997 5686168.861123085
215 14.720833333333331 -90.82083333333334 5673357.5992036164
216 27.887500000000003 81.012499999999989 5642424.6541733742
217 -19.845833333333331 -44.245833333333337 5641244.3756313324
218 11.329166666666666 78.204166666666652 5627689.9467167854
219 40.029166666666669 -75.237499999999997 5617946.0317344069
220 50.887500000000003 4.2874999999999943 5610059.8766517937
221 23.887500000000003 120.55416666666667 5609303.6347112656
222 37.212499999999999 114.95416666666665 5590530.4141263962
223 25.145833333333329 55.470833333333331 5552231.6862838268
224 23.654166666666669 85.512500000000045 5532537.8560261726
225 33.00416666666667 116.87916666666666 5502551.9700005054
226 10.162499999999994 105.67916666666667 5496135.1973357201
227 33.895833333333329 116.57083333333333 5462940.4412305355
228 32.829166666666666 115.83749999999998 5461986.5218629837
229 43.74583333333333 125.17083333333335 5457128.6498526335
230 26.454166666666659 92.462499999999977 5446607.1669995785
231 29.304166666666667 119.92916666666667 5431608.8794980049
232 32.020833333333336 73.17083333333332 5411227.5484793186
233 6.7791666666666686 38.495833333333337 5366947.5305929184
234 13.762500000000003 44.1875 5365785.7521173954
235 15.462500000000006 120.73750000000001 5348427.3949298859
236 22.620833333333337 89.204166666666652 5336058.9985542297
237 26.204166666666666 81.170833333333348 5335592.8961982727
238 36.712500000000006 115.7791666666667 5299381.3396747112
239 33.520833333333329 130.67083333333335 5291833.7876558304
240 31.020833333333329 74.370833333333337 5282978.0948491096
241 -1.8541666666666572 29.729166666666657 5281220.4190850258
242 41.579166666666666 2.095833333333303 5280623.0120675266
243 49.8125 8.5625000000000284 5255796.7776406705
244 -3.2375000000000114 29.537499999999994 5252889.4830060005
245 22.362499999999997 90.379166666666663 5237966.3291969299
246 39.829166666666666 32.962500000000006 5231413.7663604021
247 -8.0124999999999886 113.47916666666669 5218523.0628061295
248 28.354166666666671 80.087500000000034 5218016.4042639732
249 14.795833333333334 -17.054166666666674 5217815.1276754141
250 31.304166666666674 118.47916666666669 5214414.1815633774
