1 28.612499999999997 77.204166666666652 25621255.519967794 Delhi
2 -6.32083333333334 106.79583333333335 24644059.940730095 Jakarta
3 35.6875 139.61250000000001 23059150.212166786 Tokyo
4 31.179166666666674 121.4041666666667 22517640.578244686 Shanghai
5 19.162499999999994 72.962500000000006 22508100.337034464 Mumbai
6 23.854166666666671 90.454166666666708 21155625.742869377 Dhaka
7 37.49583333333333 126.94583333333333 20830976.748514175 Seoul
8 30.220833333333331 31.22083333333336 20519756.831531167 Cairo
9 19.454166666666666 -99.095833333333331 19638010.968217611 Mexico City
10 14.520833333333329 121.04583333333335 19336109.577738762 Manila
11 22.512500000000003 88.254166666666663 19044530.123261929 Kolkata
12 -23.520833333333329 -46.637499999999989 19000653.76601994 Sao Paulo
13 39.979166666666671 116.37916666666666 18440616.15827024 Beijing
14 22.520833333333329 114.10416666666669 16871625.006161213 Shenzhen/Hong Kong
15 23.012500000000003 113.27916666666664 16355751.169781208 Guangzhou
16 55.762499999999996 37.654166666666669 14397547.197175659 Moscow
17 13.770833333333329 100.53750000000002 13981983.789002419 Bangkok
18 41.029166666666661 28.987500000000011 13882228.814245701 Istanbul
19 24.945833333333326 67.104166666666686 13580517.972156286 Karachi
20 -34.670833333333334 -58.520833333333343 13311319.998394966
21 6.5958333333333314 3.3375000000000057 12647372.371169567
22 35.729166666666664 51.212500000000006 12459566.195969701
23 10.854166666666671 106.7208333333333 12372445.120171547
24 13.037499999999994 77.587500000000034 12087607.464786053
25 40.770833333333336 -73.987499999999997 11987213.65015687
26 34.737500000000004 135.60416666666669 11722623.198583364
27 31.545833333333334 74.195833333333326 10882759.406871319
28 13.020833333333329 80.112500000000011 10840429.494304657
29 30.737499999999997 104.04583333333335 10593760.050839424
30 -22.829166666666666 -43.304166666666674 10360192.937105298
31 48.837499999999999 2.3208333333333542 10294038.088856921
32 22.94583333333334 113.82083333333333 10186825.530761242
33 -11.995833333333323 -76.954166666666666 10022573.866866767
34 51.554166666666667 -0.1875 10015914.877536356
35 -7.0208333333333286 107.74583333333334 9766732.446890831
36 4.7208333333333314 -74.220833333333331 9334305.4212731123
37 17.4375 78.487500000000011 9267299.7655611038
38 39.045833333333334 117.37916666666666 9049203.6424456835
39 23.4375 116.50416666666666 8834729.0112037659
40 25.020833333333329 121.38749999999999 8793937.976000309
41 30.5625 114.1875 8521830.3197622299
42 23.212500000000006 72.595833333333331 8222866.9908440113
43 30.729166666666671 31.254166666666663 8183720.0984313488
44 33.929166666666674 -118.10416666666667 8175206.6074030548
45 31.762499999999996 120.21250000000003 7915298.5076961517
46 25.770833333333329 85.279166666666697 7771615.8079600334
47 -7.4124999999999943 112.60416666666669 7741943.6237630844
48 -4.2791666666666686 15.412500000000023 7690244.3416101933
49 34.295833333333334 108.78750000000002 7680933.7390780449
50 30.262500000000003 120.3125 7665232.4195947647
51 18.595833333333331 73.887499999999989 7593107.6437542439
52 1.3375000000000057 103.85416666666669 7584471.4889574051
53 21.029166666666669 105.88749999999999 7584401.8192400932
54 32.029166666666661 118.88749999999999 7442898.9930758476
55 25.30416666666666 82.779166666666697 7361404.7543022633
56 -8.9208333333333485 13.337500000000006 7330765.8338899612
57 -26.179166666666674 28.037499999999994 7314232.7952475548
58 41.8125 123.60416666666669 7266039.7338311672
59 31.420833333333334 120.71249999999998 7182708.323482275
60 3.0625 101.60416666666669 7098769.1356859207
61 33.479166666666671 44.337500000000006 7096679.7752957344
62 -33.495833333333323 -70.762499999999989 6937668.9019474983
63 21.137500000000003 72.912499999999994 6898044.0311357975
64 16.887500000000003 96.295833333333348 6751724.2003059387
65 31.0625 30.054166666666674 6727664.1413400173
66 26.779166666666661 81.145833333333314 6668151.4318389893
67 35.204166666666673 136.89583333333331 6665121.6114795208
68 29.595833333333339 106.46250000000003 6608032.4685428143
69 34.62083333333333 113.61250000000001 6587731.6256146431
70 15.512500000000003 32.54583333333332 6584973.243347168
71 22.42916666666666 91.862500000000011 6376755.8485569954
72 28.020833333333329 113.03750000000002 6222439.8712286949
73 24.704166666666666 46.745833333333337 6176633.2177174091
74 26.562499999999993 80.504166666666663 6114758.6238079071
75 28.004166666666663 120.70416666666665 6058936.142141819
76 31.520833333333336 73.1875 6018568.7503812313
77 32.387499999999996 74.270833333333314 5991222.0584788322
78 -6.8458333333333314 39.104166666666657 5868709.5306773186
79 26.170833333333334 85.637499999999989 5840452.5053839684
80 40.420833333333327 -3.6708333333333485 5837137.5127149522
81 -1.1541666666666686 36.862500000000011 5812002.9954376221
82 23.287500000000009 91.02916666666664 5792640.2613210678
83 12.020833333333343 8.3624999999999829 5778258.3018453121
84 34.104166666666671 71.770833333333343 5678564.4913401604
85 25.654166666666669 86.087499999999977 5669790.13752985
86 24.595833333333331 117.90416666666664 5632096.6014022827
87 33.770833333333329 72.995833333333337 5628777.7255775928
88 23.154166666666669 88.4375 5599555.2797584534
89 27.24583333333333 78.195833333333326 5479054.2669687271
90 23.845833333333331 91.02916666666664 5465505.0437755585
91 25.462500000000006 82.045833333333348 5462251.2445790768
92 45.74583333333333 126.77083333333331 5442326.8395483494
93 37.99583333333333 114.70416666666665 5439217.6768796444
94 5.94583333333334 6.9791666666666572 5382803.8663334846
95 41.845833333333331 -87.895833333333343 5314956.2728693932
96 28.6875 78.8125 5304734.8407824039
97 26.704166666666673 83.629166666666663 5299552.5418117046
98 25.754166666666663 -100.34583333333333 5272215.4898016006
99 36.212499999999999 120.23750000000001 5266470.1354744434
100 24.870833333333337 118.61250000000001 5218667.7323241234
101 20.554166666666674 -103.44583333333333 5209194.0940133482
102 -6.3374999999999915 107.29583333333335 5190934.4074392319
103 23.69583333333334 86.670833333333348 5167321.3622727394
104 43.74583333333333 -79.495833333333323 5163348.581555739
105 28.829166666666666 77.754166666666663 5129492.1132025719
106 30.995833333333337 30.72083333333336 5120019.6372486353
107 22.470833333333331 113.27916666666664 5107768.2818574905
108 36.637500000000003 3.0625 5090891.744325161
109 59.879166666666663 30.179166666666646 5086480.5038854275
110 -6.7625000000000028 106.96250000000003 5055637.9386482239
111 45.612500000000004 9.1374999999999886 5045316.952511102
112 51.37083333333333 7.0041666666666629 5038015.493964918
113 34.679166666666667 69.212499999999977 5029202.3099431992
114 -7.7041666666666515 110.57916666666665 5017108.9727954865
115 35.25416666666667 128.88749999999999 5014252.5494863987
116 40.020833333333336 32.837500000000006 4977182.9677885771
117 26.962499999999999 75.787500000000023 4973321.9163718224
118 37.670833333333327 112.48750000000001 4958966.5872602463
119 -19.82916666666668 -44.045833333333348 4945921.8078660965
120 25.995833333333337 84.637499999999989 4943720.7975130081
121 25.204166666666666 55.3125 4939847.6793487072
122 6.94583333333334 80.037500000000023 4927919.2529425621
123 31.954166666666666 35.020833333333343 4896366.3470678329
124 25.954166666666666 119.42916666666667 4892764.1828331947
125 35.845833333333331 140.07083333333333 4867810.4511916637
126 31.74583333333333 117.29583333333335 4838504.0636155605
127 30.020833333333336 121.42083333333335 4822914.3803811073
128 10.379166666666663 -66.787500000000009 4818713.3522624969
129 5.3875000000000028 -3.9041666666666686 4809059.8739870787
130 11.104166666666671 75.987500000000011 4805762.4413690567
131 -6.2291666666666714 106.32916666666665 4795512.1494274139
132 3.6291666666666771 98.65416666666664 4789753.6545324326
133 5.67916666666666 -0.25416666666666288 4782094.0907776356
134 24.720833333333331 88.045833333333348 4760470.4469919205
135 36.729166666666671 117.2208333333333 4751432.4790740013
136 33.504166666666663 -7.5708333333333258 4746486.8486729264
137 22.462500000000006 73.029166666666669 4741351.8940291405
138 29.262499999999996 30.929166666666646 4686235.9735738039
139 26.604166666666664 85.195833333333326 4685558.8621618748
140 26.437499999999993 84.329166666666708 4655809.6153934002
141 8.9541666666666657 38.862500000000011 4622530.2294909954
142 31.179166666666674 31.529166666666669 4608221.1875464916
143 24.362499999999997 89.754166666666663 4585316.2217202187
144 11.095833333333331 77.120833333333337 4565371.3184027672
145 41.554166666666667 2.095833333333303 4563968.2868288457
146 32.104166666666664 35.912500000000023 4560246.7177016735
147 26.212499999999999 86.204166666666652 4531486.7046473026
148 24.345833333333331 90.645833333333314 4527106.6099200249
149 24.012500000000003 88.22083333333336 4511261.2963228226
150 25.412499999999994 84.854166666666629 4462125.9710555077
151 26.170833333333334 83.445833333333326 4408087.4769303799
152 0.33750000000000568 32.5625 4394468.3987791538
153 25.862499999999997 82.862500000000011 4350869.8437743187
154 26.895833333333336 81.987500000000011 4339209.4449310303
155 25.679166666666674 89.395833333333314 4334517.2558803558
156 4.8958333333333286 7.2375000000000114 4332900.5599639416
157 25.129166666666663 85.462500000000034 4322265.230902195
158 28.520833333333329 115.89583333333331 4318890.8788104057
159 28.220833333333331 79.320833333333326 4311084.300951004
160 29.729166666666664 77.645833333333314 4309663.547968626
161 25.045833333333334 87.079166666666652 4304112.5373282433
162 15.012500000000003 120.80416666666667 4302941.6208648682
163 18.579166666666666 -69.92083333333332 4302816.539940238
164 22.3125 87.770833333333314 4281842.2897567749
165 53.512500000000003 -2.5291666666666686 4280507.4883380011
166 27.754166666666663 85.295833333333348 4272827.1656420231
167 41.24583333333333 69.345833333333303 4213652.3312652111
168 38.954166666666666 125.54583333333335 4205984.6776928902
169 30.037500000000001 71.437500000000028 4194763.0323810577
170 24.887500000000003 102.70416666666671 4187171.171599865
171 24.087499999999991 120.60416666666669 4187066.4018273354
172 -7.1541666666666686 110.30416666666667 4171315.6917448044
173 52.50416666666667 13.370833333333309 4146178.7227896154
174 26.562499999999993 82.779166666666697 4145801.8632657528
175 -33.829166666666666 150.99583333333334 4136812.1905107498
176 26.037500000000001 81.9375 4134755.1297981739
177 14.662500000000009 -90.629166666666663 4130031.8272411227
178 9.9208333333333343 76.462499999999977 4128192.0606651306
179 25.762500000000003 87.72083333333336 4109228.7462382317
180 -34.020833333333329 18.612499999999983 4103521.4758853912
181 22.82083333333334 88.879166666666663 4094345.7190766335
182 6.2291666666666714 -75.429166666666674 4081296.6079156995
183 24.837499999999991 90.4375 4079073.3683171272
184 -6.7958333333333343 108.40416666666664 4074584.0286607742
185 35.345833333333339 139.42916666666667 4072356.1311171055
186 30.512500000000003 76.637499999999989 4070708.57467556
187 -8.0291666666666686 -35.070833333333326 4069947.8000926971
188 29.787500000000001 -95.454166666666666 4069809.0820777118
189 28.137500000000003 78.104166666666686 4063281.4040307999
190 22.854166666666671 91.095833333333303 4060623.0030083656
191 30.745833333333337 120.79583333333335 4055113.5526766777
192 36.82083333333334 114.47916666666669 4053560.5274050236
193 26.937500000000007 84.59583333333336 4048981.8293447495
194 22.8125 120.34583333333336 4038292.141204834
195 16.862499999999997 74.395833333333343 4038076.106897831
196 43.862500000000004 125.12083333333334 4035461.4600353241
197 22.94583333333334 114.3458333333333 4031026.6560697556
198 40.87083333333333 14.470833333333331 4025264.7470057607
199 27.395833333333336 79.862500000000011 3999211.5507593155
200 22.779166666666669 75.870833333333337 3991186.8586845398
201 38.92916666666666 -77.204166666666666 3975767.5275281519
202 43.954166666666673 87.520833333333314 3974376.5105849504
203 25.904166666666669 86.729166666666686 3966065.7110419273
204 21.537499999999994 39.279166666666669 3960594.5379118919
205 23.895833333333329 89.145833333333314 3959760.5458126068
206 7.4375 4.0541666666666458 3954451.5347566605
207 24.995833333333337 89.295833333333292 3948377.2369418144
208 32.37083333333333 119.64583333333337 3911005.8608961105
209 21.170833333333334 78.97083333333336 3904745.4718961716
210 24.712499999999991 91.904166666666697 3873451.3978447914
211 24.745833333333337 84.979166666666686 3868325.2341575623
212 40.029166666666669 -75.112499999999997 3849789.0712482035
213 38.945833333333333 121.54583333333335 3840300.6933066845
214 22.987499999999997 89.395833333333314 3837766.3204874992
215 20.854166666666671 106.45416666666665 3816253.448964119
216 16.30416666666666 80.612500000000011 3812396.5478639603
217 -12.745833333333337 -38.512500000000017 3788165.5614155531
218 -3.9375 -38.554166666666674 3775146.4292834997
219 25.987499999999997 84.079166666666652 3768593.6460392475
220 20.287500000000009 85.945833333333326 3768393.9425187111
221 24.420833333333334 88.829166666666652 3764557.2336187363
222 5.57083333333334 7.2791666666666686 3761056.5675964355
223 34.612500000000004 112.57916666666665 3758922.0519397259
224 38.062500000000007 23.754166666666663 3740960.5672724247
225 27.620833333333337 81.387499999999989 3734051.9371831417
226 52.445833333333333 -1.8541666666666572 3724067.810100615
227 14.762500000000003 -17.212500000000006 3723127.1771931052
228 3.7625000000000028 11.462500000000006 3719151.5529279709
229 32.679166666666667 -117.01249999999999 3707890.354974255
230 26.62083333333333 106.58749999999998 3696416.6933789253
231 45.587499999999999 -73.579166666666666 3694860.574646689
232 28.529166666666669 121.38749999999999 3690531.7952923775
233 -6.2875000000000085 23.695833333333326 3686889.2104251385
234 9.1291666666666771 76.670833333333348 3683374.7024025917
235 30.745833333333337 76.012499999999989 3678548.6712212563
236 27.145833333333336 82.90416666666664 3668993.8033514023
237 25.337500000000006 68.487499999999983 3660519.0144069195
238 -7.9041666666666686 112.11250000000001 3658859.3014335632
239 29.170833333333327 47.895833333333314 3651079.3703048229
240 6.82083333333334 -1.4958333333333371 3635752.364855051
241 11.5625 77.929166666666674 3635671.3668961525
242 34.129166666666663 116.96250000000003 3624288.5603613853
243 23.337500000000006 90.4375 3621101.6002411842
244 32.854166666666664 -96.879166666666663 3602519.8869860321
245 -7.9625000000000057 112.6541666666667 3600975.7287940979
246 38.404166666666669 27.279166666666669 3600198.7194658518
247 52.037500000000001 4.6791666666666742 3592102.0213946924
248 -29.904166666666669 -51.1875 3588750.0818791389
249 33.537499999999994 36.3125 3587097.2470262051
250 28.07083333333334 79.954166666666708 3586916.418500185
