1 23.762500000000003 90.420833333333348 10295664.545175076 Dhaka
2 30.0625 31.262500000000017 10248096.591604352 Cairo
3 31.254166666666663 121.46249999999998 9534140.3795518875 Shanghai
4 13.020833333333329 77.5625 9266191.300989151 Bengaluru
5 24.895833333333329 67.04583333333332 8854685.8485591412 Karachi
6 22.57083333333334 88.379166666666663 8584259.1967430115 Kolkata
7 19.129166666666663 72.887499999999989 8378132.6881856918 Mumbai
8 14.629166666666663 121.04583333333335 7749127.3297157288 Manila
9 28.6875 77.229166666666629 7620133.9174067974 Delhi
10 39.920833333333334 116.36250000000001 7385803.9072798491 Beijing
11 41.054166666666667 28.879166666666663 6490441.3612076044
12 23.145833333333343 113.27083333333337 6462142.1604623795
13 10.795833333333334 106.65416666666664 6442439.4702558517
14 23.029166666666669 72.595833333333331 6343614.4134831429
15 6.5458333333333343 3.3208333333333542 5997532.1471526623
16 4.6374999999999886 -74.120833333333337 5854493.9327605963
17 31.512500000000003 74.337499999999977 5532110.4310331345
18 35.704166666666666 51.395833333333343 5526434.3920271397
19 -6.2124999999999915 106.79583333333335 5513778.0546398163
20 39.145833333333329 117.20416666666665 5448623.4154049158
21 13.037499999999994 80.195833333333326 5402222.3274374008
22 37.545833333333327 126.97916666666669 5325396.2317583561
23 25.037499999999994 121.50416666666666 5109405.1188855171
24 35.704166666666666 139.67916666666667 5084463.0008890629
25 30.579166666666666 114.28750000000002 5037943.1940882206
26 22.320833333333326 114.17916666666667 4982992.7840409279
27 28.654166666666669 77.054166666666674 4974795.3211653233
28 -4.3958333333333286 15.329166666666652 4931168.4878354073
29 30.670833333333334 104.0625 4928122.8416879177
30 -12.020833333333329 -77.037499999999994 4915542.3706749082
31 18.520833333333329 73.870833333333337 4913155.8803691864
32 19.379166666666663 -99.095833333333331 4894336.0260068178
33 17.395833333333343 78.495833333333337 4893639.0433421135
34 21.17916666666666 72.737500000000011 4816145.0976006985
35 -6.9208333333333343 107.60416666666663 4798065.2312145233
36 48.862499999999997 2.3541666666666572 4710480.6470516771
37 22.604166666666671 114.0625 4511705.1568703651
38 41.787499999999994 123.4041666666667 4502469.8594808578
39 -8.8708333333333371 13.287499999999994 4385395.7722113132
40 19.237499999999997 72.904166666666669 4369844.3856751919
41 40.74583333333333 -73.920833333333334 4287448.4630334228
42 28.545833333333334 77.295833333333292 4234472.8272280693
43 55.679166666666667 37.662500000000023 4231499.2443603799
44 32.062499999999993 118.79583333333335 4220802.7290835381
45 13.754166666666663 100.55416666666667 4198614.8189315796
46 -6.2541666666666771 106.96250000000003 4157013.6973047256
47 -34.629166666666677 -58.470833333333331 4129283.1915489435
48 16.854166666666671 96.15416666666664 4111036.0652346611
49 34.237499999999997 108.96250000000003 4085780.4399940968
50 -6.8541666666666714 39.229166666666657 4047600.3206725121
51 -23.620833333333337 -46.595833333333331 4026675.7178864479
52 34.529166666666669 69.154166666666669 3973545.2248504162
53 29.545833333333327 106.51249999999999 3880197.7180161476
54 37.49583333333333 126.77916666666664 3765542.1745660305
55 55.829166666666666 37.570833333333354 3749730.7713717818
56 11.987499999999997 8.5208333333333144 3744688.3534148932
57 -6.3958333333333286 106.85416666666663 3741369.9687786102
58 1.3624999999999972 103.82083333333333 3677969.3879899979
59 26.845833333333339 80.945833333333326 3672741.7485508919
60 34.779166666666661 113.67083333333335 3653701.6884276867
61 18.987499999999997 72.870833333333337 3648433.3373544216
62 26.454166666666659 80.320833333333326 3617280.2705543041
63 45.74583333333333 126.67083333333335 3584850.9403754473
64 22.345833333333331 91.837500000000034 3584285.9275875092
65 31.212500000000006 29.970833333333303 3554886.6307770014
66 22.479166666666671 88.329166666666652 3527272.0625972748
67 14.462500000000006 121.01249999999999 3488104.1209897995
68 34.6875 135.53750000000002 3487754.4985334873
69 -23.529166666666669 -46.445833333333326 3483953.4221804142
70 27.695833333333333 85.34583333333336 3453244.8485915661
71 3.8458333333333314 11.520833333333343 3446571.342648983
72 -22.845833333333346 -43.337500000000006 3443224.3190891743
73 5.3708333333333371 -4.0291666666666686 3363229.6398410797
74 21.012500000000003 105.8125 3361616.3287863731
75 25.30416666666666 83.020833333333314 3330508.3808870316
76 51.512499999999996 -0.095833333333331439 3322221.8801651448
77 35.737500000000004 139.87916666666666 3317520.0444507599
78 -1.2541666666666629 36.84583333333336 3305229.2201359272
79 31.4375 73.095833333333331 3275888.1349306107
80 33.612499999999997 73.07916666666668 3254148.8722369671
81 -33.504166666666677 -70.679166666666674 3229696.2367060184
82 19.5625 -99.087500000000006 3226825.5808023512
83 26.920833333333341 75.79583333333332 3213899.4511339664
84 31.845833333333331 117.27083333333331 3213121.7774333954
85 -7.3041666666666742 112.72083333333336 3177550.3707742691
86 37.845833333333339 112.54583333333329 3175790.9130203724
87 24.529166666666669 118.0625 3165186.7971653938
88 43.862500000000004 125.30416666666667 3162531.0095640421
89 25.454166666666666 81.84583333333336 3158087.782481432
90 33.570833333333326 -7.5708333333333258 3143861.9494294524
91 40.99583333333333 29.137499999999989 3128696.6525369883
92 -6.1291666666666771 23.620833333333309 3127375.2497768402
93 35.545833333333334 139.63749999999999 3104507.5510201454
94 8.9958333333333371 38.754166666666663 3102145.8700549603
95 -23.579166666666666 -46.762499999999989 3044295.2323279381
96 6.2374999999999972 -75.595833333333331 3028290.4776218534
97 31.104166666666671 121.4041666666667 2988843.394715786
98 28.204166666666666 113.01249999999999 2968074.6296701431
99 23.945833333333326 90.370833333333337 2945151.6112370491
100 19.1875 73.162499999999994 2924909.5932414532
101 20.670833333333334 -103.35416666666666 2902138.0256364197
102 33.329166666666666 44.379166666666663 2886109.3680694103
103 25.629166666666663 85.170833333333348 2882406.432071209
104 40.420833333333327 -3.6791666666666742 2869762.5782955885
105 30.3125 120.17083333333335 2863806.460711956
106 26.070833333333333 119.2791666666667 2823425.3070821762
107 30.212499999999999 31.337499999999977 2804185.1863043308
108 -6.2041666666666657 106.62083333333334 2799407.1652183533
109 4.0541666666666742 9.7125000000000057 2796248.6179387569
110 14.745833333333337 -17.404166666666669 2792992.160230279
111 37.99583333333333 23.720833333333331 2774166.1106268167
112 43.829166666666673 87.579166666666652 2772427.2952135801
113 21.137500000000003 79.0625 2765141.7136163712
114 36.662499999999994 117.01249999999999 2763109.8781561852
115 25.045833333333334 102.72916666666669 2753105.716132164
116 -3.7791666666666686 -38.545833333333348 2733423.4194939137
117 7.3791666666666629 3.9208333333333201 2729624.2564742565
118 23.029166666666669 113.13750000000005 2713103.7719926834
119 0.32083333333333997 32.57916666666668 2712849.2111308575
120 12.629166666666663 -7.9791666666666572 2707041.0967624187
121 38.037500000000001 114.50416666666666 2704782.9456694126
122 35.679166666666667 139.47916666666669 2685959.0220706463
123 22.69583333333334 75.854166666666686 2684423.0444252491
124 59.970833333333331 30.362499999999983 2680397.9185884167
125 37.337499999999999 127.0291666666667 2679486.965918541
126 35.162500000000001 129.04583333333335 2641614.0884149075
127 28.704166666666666 115.89583333333331 2635378.1094865799
128 14.712500000000006 121.01249999999999 2623136.5950689316
129 36.3125 59.579166666666652 2612759.2955155373
130 6.69583333333334 -1.6124999999999829 2609165.4078477621
131 -12.929166666666674 -38.445833333333354 2600919.6518656015
132 5.6124999999999972 -0.22916666666665719 2596338.622934103
133 19.4375 -99.220833333333331 2589987.8457934856
134 22.745833333333337 113.82916666666665 2571181.2550926208
135 37.587499999999999 127.08749999999998 2571167.0528361797
136 41.212499999999999 69.245833333333337 2565992.0273630619
137 39.954166666666666 32.870833333333337 2556958.7195351124
138 27.987499999999997 120.63749999999999 2556739.7902669907
139 15.354166666666671 44.204166666666652 2544231.5700771809
140 19.354166666666671 -98.9375 2543690.9857082367
141 33.504166666666663 36.295833333333348 2529198.3994432688
142 28.654166666666669 77.420833333333348 2507985.063303709
143 38.945833333333333 121.5625 2507671.4659729004
144 18.495833333333337 -69.912499999999994 2506671.8658406138
145 -23.470833333333331 -46.629166666666663 2506561.3287866116
146 18.55416666666666 -72.329166666666666 2499525.6071744561
147 41.412500000000001 2.1375000000000171 2494924.9735289216
148 15.637500000000003 32.54583333333332 2490778.7589554787
149 36.129166666666663 120.37916666666666 2490401.2680640221
150 12.354166666666671 -1.5291666666666686 2485417.9952381849
151 27.170833333333334 77.987500000000011 2484487.2255818844
152 25.295833333333334 55.420833333333348 2484003.6856219769
153 -19.879166666666663 -43.970833333333331 2467127.9554553032
154 23.629166666666663 90.520833333333371 2459724.6417574883
155 22.579166666666666 113.88750000000005 2438797.4393405914
156 6.6791666666666742 3.2708333333333428 2436482.8229191303
157 22.8125 108.3125 2430882.4620952606
158 39.045833333333334 125.73750000000001 2414245.3709800243
159 23.704166666666666 86.90416666666664 2404334.2486233711
160 3.1458333333333286 101.6875 2378054.8981609344
161 33.879166666666663 35.570833333333354 2370323.553322196
162 -12.162500000000009 -76.945833333333326 2363643.3118738532
163 24.712499999999991 46.745833333333337 2356636.2701435089
164 -2.1791666666666742 -79.904166666666669 2349333.9948162436
165 29.304166666666667 47.987499999999983 2340621.0343980789
166 3.6041666666666714 98.670833333333348 2336684.1404333115
167 3.4208333333333343 -76.504166666666663 2333418.3210119605
168 31.587499999999999 120.29583333333335 2330945.2487015724
169 -15.395833333333329 28.304166666666674 2304003.9880447388
170 31.979166666666664 35.929166666666674 2303924.4987128973
171 38.412500000000001 27.162500000000023 2303524.3080462217
172 35.395833333333336 139.54583333333335 2300778.4038405418
173 -6.5625 106.8125 2292620.2927045822
174 29.954166666666673 31.22083333333336 2292023.511661768
175 -34.762500000000003 -58.337500000000006 2288186.5120959282
176 32.170833333333327 74.170833333333348 2286716.8588619232
177 31.287500000000001 120.58749999999998 2281066.5261621475
178 40.045833333333334 116.38749999999999 2250689.4061650038
179 -11.662500000000009 27.487499999999983 2246429.9589235783
180 22.9375 88.387499999999989 2246428.8693366051
181 10.454166666666666 -66.92916666666666 2236269.6887499094
182 35.87083333333333 139.72916666666669 2233312.0261375904
183 26.579166666666673 106.71250000000003 2232669.3355250359
184 35.779166666666669 50.979166666666657 2223020.7435280085
185 30.179166666666667 71.462500000000034 2221983.3021700382
186 -8.0625 -34.9375 2219760.0428334475
187 21.545833333333334 39.20416666666668 2192949.845277071
188 -34.704166666666666 -58.654166666666669 2185551.0037699938
189 -33.995833333333323 18.612499999999983 2172541.2457611561
190 36.720833333333331 3.0958333333333599 2171349.9892439842
191 -18.854166666666657 47.52916666666664 2157215.5784745216
192 33.995833333333337 71.520833333333343 2153610.083304882
193 39.887500000000003 116.55416666666667 2134116.4428169727
194 35.154166666666661 136.92083333333335 2122759.561119318
195 36.070833333333333 103.79583333333335 2119937.2566258907
196 35.862499999999997 128.58749999999998 2117440.5388936996
197 25.729166666666671 -100.27916666666667 2101183.0118197203
198 25.379166666666663 68.337500000000006 2099150.417201519
199 39.904166666666669 116.1875 2096076.5221813917
200 28.987500000000004 77.695833333333326 2082489.9066252708
201 23.237499999999997 77.412499999999966 2066499.8375980854
202 13.912499999999994 100.58750000000003 2062561.8803052902
203 24.837499999999991 67.129166666666663 2062380.4281570911
204 50.445833333333333 30.520833333333314 2048515.9326868355
205 22.320833333333326 73.17083333333332 2029379.1194186211
206 24.145833333333329 120.66250000000002 2028685.93419981
207 -3.0625 -59.995833333333337 2023678.2503246069
208 10.920833333333334 106.78749999999997 2003861.7428956032
209 9.9124999999999943 78.137499999999989 1997183.129799366
210 36.220833333333331 37.17083333333332 1993525.6247988939
211 -25.904166666666669 32.537500000000023 1988438.8717675209
212 22.645833333333329 120.33749999999998 1981010.8889884949
213 53.87916666666667 27.595833333333331 1977681.3704179525
214 10.30416666666666 123.91249999999997 1970576.6398458481
215 10.637500000000003 -71.645833333333329 1969375.278100729
216 23.054166666666674 113.75416666666666 1960484.7302331924
217 30.695833333333326 76.762499999999989 1956601.6630208492
218 31.212500000000006 121.63749999999999 1954399.7638025284
219 29.854166666666664 121.55416666666667 1934638.1954102516
220 23.4375 116.69583333333333 1921443.7719478607
221 34.779166666666661 135.42083333333335 1921008.0677449703
222 -6.3541666666666714 106.71250000000003 1917380.306678772
223 26.74583333333333 83.337499999999977 1913786.4026033878
224 10.987499999999997 76.987500000000011 1907292.5114865303
225 10.9375 -74.8125 1906297.4699878693
226 40.820833333333333 111.66249999999997 1896541.1175134182
227 14.295833333333334 121.02083333333331 1894619.1998596191
228 41.887500000000003 12.512499999999989 1892938.2652592659
229 31.75416666666667 119.96250000000003 1878966.8727507591
230 14.579166666666666 -90.554166666666674 1876261.958168745
231 28.495833333333337 77.104166666666686 1873159.5177259445
232 24.870833333333337 118.5625 1862919.9749612808
233 52.50416666666667 13.412500000000023 1861854.5876001939
234 -4.2791666666666686 15.262499999999989 1858887.4967677593
235 -26.220833333333331 27.887499999999989 1858642.906591177
236 -5.1458333333333286 119.4708333333333 1852836.6695804596
237 6.9124999999999943 79.929166666666674 1848851.6693716049
238 26.787500000000001 82.170833333333348 1848303.4462754726
239 -6.30416666666666 107.11250000000001 1842454.681353569
240 -2.9708333333333314 104.74583333333334 1835089.9339570999
241 34.004166666666663 -118.27083333333333 1830437.172130093
242 55.762499999999996 37.854166666666657 1827457.7302442789
243 -22.94583333333334 -43.262500000000017 1827017.90543437
244 19.979166666666671 73.79583333333332 1825394.3916423321
245 44.429166666666667 26.09583333333336 1812761.6652010083
246 22.795833333333334 86.179166666666674 1810245.0343227386
247 35.537500000000001 139.41250000000002 1808952.9999451637
248 45.512500000000003 9.1708333333333485 1808641.6690440774
249 13.612499999999997 100.60416666666669 1808418.2206745148
250 40.887499999999996 14.254166666666691 1800100.5798502564
