1 73994727 117
2 147265836 177
3 220522340 239
4 294205184 294
5 367502991 356
6 441132463 425
7 514738592 490
8 588127066 564
9 661857031 644
10 735646555 705
11 808369546 757
12 881941431 804
13 955475362 849
14 1029680632 901
15 1103384360 950
16 1176586252 998
17 1249446644 1046
18 1323181864 1105
19 1396122062 1169
20 1469459848 1236
21 1543145341 1308
22 1616614909 1415
23 1689849345 1572
24 1763498519 1745
25 1837796062 1838
26 1910802033 1884
27 1983613976 1938
28 2058213632 1996
29 2131624758 2053
30 2205102982 2105
31 2278004080 2147
32 2352106620 2187
33 2424429189 2235
34 2498407092 2275
35 2572883561 2312
36 2644659062 2347
37 2719478956 2387
38 2792813674 2425
39 2867400006 2457
40 2939922771 2491
41 3012483712 2524
42 3085952568 2571
43 3159898484 2626
44 3232914063 2673
45 3305923109 2755
46 3379453394 2891
47 3453840068 2970
48 3526550719 3043
49 3600131254 3141
50 3673467997 3281
51 3747254461 3429
52 3820316589 3518
53 3893954383 3622
54 3967201867 3709
55 4040517732 3998
56 4115253454 4359
57 4188242155 4444
58 4260982540 4551
59 4334491488 4687
60 4407986415 4782
61 4482068554 4866
62 4555332349 4930
63 4628265971 5019
