0.1 7 90.412499999999966 23.754166666666663 8975059.682923317
0.2 15 121.4375 31.229166666666671 16271247.731689453
0.3 26 121.37083333333334 31.212500000000006 23382820.662091255
0.4 42 77.270833333333314 28.662500000000001 31319247.084516764
0.5 56 113.64583333333331 22.829166666666666 39816348.435489178
0.6 61 113.5958333333333 22.787500000000009 46665112.648510456
0.7 70 113.6541666666667 22.712500000000006 54923262.946745872
0.8 79 113.72916666666669 22.8125 62642074.649195671
0.9 98 113.64583333333331 22.94583333333334 69855834.169643402
1 116 90.1875 23.662500000000009 77871264.744709015
1.1 124 90.229166666666629 23.712500000000006 85384704.956897259
1.2 133 90.137499999999989 23.804166666666674 93312228.902423382
1.3 139 89.229166666666629 23.379166666666677 102205876.98535872
1.4 144 89.179166666666674 23.470833333333331 109073541.61919975
1.5 150 89.145833333333314 23.554166666666674 116755531.9369297
1.6 156 89.254166666666663 23.545833333333334 124241910.16375828
1.7 162 89.337500000000034 23.554166666666674 131946712.20350742
1.8 168 89.420833333333348 23.5625 140463607.37172079
1.9 173 89.495833333333337 23.554166666666674 147904800.20575285
