1 22.770833333333329 113.57083333333333 45854681.532094002 Guangzhou/Shenzhen
2 -6.42916666666666 106.90416666666664 39283255.704342842 Jakarta
3 28.612499999999997 77.495833333333337 38866060.475733519 Delhi
4 30.545833333333334 31.204166666666652 38806982.162535429 Cairo
5 23.679166666666674 90.704166666666708 38710929.228384972 Dhaka
6 31.1875 121.10416666666669 37946905.317610741 Shanghai
7 35.8125 139.66250000000002 36947946.481746912 Tokyo
8 22.55416666666666 88.304166666666674 35612889.988660812 Kolkata
9 39.579166666666666 116.74583333333334 28962284.088773966 Beijing
10 14.462500000000006 120.95416666666665 27217914.525345802 Manila
11 18.970833333333331 73.354166666666657 26425421.491453409
12 26.020833333333336 85.545833333333348 26356146.00699687
13 37.337499999999999 127.10416666666669 26225687.172432184
14 19.320833333333326 -99.220833333333331 26000778.541335851
15 -23.354166666666671 -46.904166666666669 24923058.790841222
16 31.9375 74.462500000000006 22064276.348344326
17 -6.8375000000000057 108.04583333333335 20926838.612831116
18 25.537499999999994 82.454166666666652 20132636.13801074
19 26.412500000000001 83.829166666666652 19110217.448199749
20 32.00416666666667 120.19583333333333 18585902.849647522
21 13.92916666666666 100.37083333333334 18584688.853421688
22 -7.6374999999999886 112.37916666666666 18354901.712205887
23 30.695833333333326 104.16250000000002 18249524.227130413
24 34.770833333333336 135.33750000000003 18246559.597034216
25 20.804166666666674 106.12083333333334 18225927.896250725
26 40.74583333333333 29.204166666666652 18050038.202128887
27 26.487500000000004 80.845833333333303 17960957.984844446
28 55.737499999999997 37.979166666666686 17499184.756023087
29 6.9791666666666714 3.5541666666666458 17418658.945509434
30 23.870833333333337 88.670833333333348 17275886.100669384
31 40.787500000000001 -73.987499999999997 17275771.095114082
32 25.5625 86.737500000000011 17234779.470144272
33 24.629166666666663 89.945833333333326 17233236.728897095
34 10.5625 106.62916666666666 17143566.325986862
35 25.087500000000006 84.954166666666652 17093834.211984634
36 13.0625 77.595833333333303 16744378.05057478
37 22.787500000000009 73.029166666666669 16577041.230013132
38 12.979166666666657 79.72083333333336 16345855.095775604
39 -7.4458333333333258 110.47083333333336 16321711.131860733
40 28.495833333333337 79.195833333333326 16222539.059712172
41 -34.637500000000003 -58.487499999999983 16023511.191399217
42 30.112500000000004 120.60416666666669 15897674.765201569
43 27.479166666666664 78.104166666666686 15862119.129995584
44 34.695833333333333 113.0625 15844430.497054338
45 51.645833333333329 -0.15416666666666856 15797243.793080188
46 26.970833333333339 82.5625 15670019.985641241
47 25.554166666666674 89.195833333333326 15315073.579764843
48 35.712499999999999 51.237500000000011 15099760.411573172
49 23.395833333333343 116.1875 15091200.160208702
50 34.145833333333329 -117.91249999999999 14767640.073971998
51 24.754166666666663 67.504166666666663 14461185.184172869
52 30.870833333333337 114.16249999999997 14391567.211704254
53 32.112500000000004 118.88749999999999 14386948.381364107
54 22.754166666666663 91.429166666666674 14136424.23553896
55 31.145833333333329 73.345833333333331 14135607.973613501
56 5.94583333333334 7.3124999999999716 14070962.45354867
57 34.529166666666669 108.89583333333337 13971065.977821112
58 25.745833333333337 87.929166666666674 13970882.037343502
59 29.645833333333336 77.554166666666674 13843490.541231632
60 24.970833333333331 118.34583333333336 13822163.209650517
61 23.087500000000006 89.620833333333337 13726046.860208988
62 34.3125 71.987499999999983 13690905.965560436
63 -22.595833333333346 -43.245833333333337 13635690.836146474
64 38.179166666666667 115.00416666666666 13489530.960764408
65 26.612500000000004 84.795833333333348 13301534.212728739
66 41.579166666666666 123.3125 13270712.046940207
67 32.145833333333336 35.42083333333332 13167706.410665512
68 36.55416666666666 114.72916666666669 13079823.92220974
69 -26.029166666666669 28.0625 12937175.820555925
70 23.970833333333331 86.454166666666652 12756164.879090309
71 17.304166666666674 78.0625 12636601.599157333
72 48.87083333333333 2.0541666666666458 12566860.456540838
73 36.69583333333334 117.41250000000002 12527039.124541283
74 25.329166666666666 83.745833333333337 12492936.136846066
75 24.695833333333326 88.337500000000034 12492049.10495472
76 10.954166666666666 76.462499999999977 12391420.300945759
77 27.454166666666666 80.045833333333348 12269041.258126736
78 24.654166666666669 91.320833333333326 12238300.716139793
79 29.554166666666667 106.0291666666667 12148072.162177563
80 22.779166666666669 114.37916666666666 12056682.373146057
81 31.087500000000006 30.379166666666691 11997526.23267293
82 51.162500000000001 6.7625000000000171 11980777.930781439
83 -7.2541666666666629 109.32083333333333 11783465.054538727
84 30.629166666666663 76.27916666666664 11736879.622831106
85 33.870833333333337 113.89583333333331 11487808.787014484
86 24.745833333333337 121.3458333333333 11424553.424927711
87 28.19583333333334 112.75416666666666 11401722.47535634
88 29.770833333333336 71.220833333333331 11306723.456032276
89 20.795833333333334 73.095833333333331 11234817.162374258
90 28.345833333333331 120.95416666666665 11166472.276444435
91 35.162500000000001 116.57916666666665 11111773.175335169
92 36.395833333333329 119.79583333333335 11101028.068885088
93 27.654166666666669 81.329166666666652 11091185.845766068
94 34.979166666666664 136.77083333333337 11076118.097628117
95 33.870833333333337 73.412499999999994 11073191.443621159
96 53.362499999999997 -2.0208333333333428 10931169.55031915
97 7.0291666666666686 80.345833333333303 10757478.271237373
98 4.5125000000000028 -74.012500000000003 10567176.859012127
99 11.995833333333337 8.4541666666666515 10528750.992361784
100 -11.912500000000009 -76.9375 10416221.011533856
101 35.320833333333333 114.5625 10394885.835677624
102 33.537499999999994 115.24583333333334 10315936.909963131
103 4.8458333333333314 7.5125000000000171 10296975.016385078
104 51.945833333333333 5.1541666666666686 10253308.53564173
105 20.645833333333343 86.204166666666652 10187359.576327324
106 35.437500000000007 128.72916666666669 10144557.283396482
107 32.195833333333333 116.89583333333331 9994452.2929317951
108 33.104166666666664 44.29583333333332 9941104.75299263
109 34.029166666666669 116.63749999999999 9939375.7237975597
110 34.637499999999996 118.5291666666667 9929766.2065470219
111 39.354166666666671 117.78749999999997 9853939.2247518301
112 27.270833333333336 76.170833333333348 9827997.844704628
113 23.479166666666671 87.612500000000011 9792857.0177249908
114 16.795833333333334 95.6875 9755656.1603498459
115 9.6208333333333371 76.620833333333337 9738083.6066169739
116 26.49583333333333 86.670833333333348 9695442.4767951965
117 11.279166666666669 77.745833333333337 9583811.2484292984
118 18.204166666666666 74.262500000000017 9396077.8205192089
119 22.145833333333329 87.295833333333348 9365216.8006424904
120 1.2208333333333314 103.87083333333334 9346558.9989709854
121 -0.97083333333333144 37.087500000000006 9274044.3587687016
122 25.912500000000009 81.579166666666652 9229112.5145606995
123 29.412500000000001 31.029166666666669 9167751.7625541687
124 28.287499999999994 115.95416666666665 9075439.3945560455
125 38.912499999999994 115.95416666666665 9058558.109849453
126 21.745833333333323 110.50416666666666 9043720.364004612
127 8.6708333333333343 77.154166666666697 9037280.5978140831
128 26.595833333333339 88.637499999999989 8985693.1298689842
129 45.579166666666666 9.4124999999999943 8892696.9256442785
130 41.879166666666663 -87.82916666666668 8859384.5954717174
131 30.24583333333333 72.470833333333331 8831330.4949977398
132 -33.254166666666677 -71.0625 8821389.1557184458
133 32.529166666666661 112.32916666666665 8795457.5857160091
134 11.537500000000009 79.395833333333314 8775175.4342885017
135 35.962499999999999 115.75416666666666 8774889.4516665936
136 3.0875000000000057 101.89583333333331 8771568.9927425385
137 33.4375 35.862500000000011 8745445.6773571968
138 33.69583333333334 119.66250000000002 8677032.5143575668
139 16.345833333333331 74.612499999999983 8676477.662135601
