1 35.645833333333336 139.69583333333333 32038906.916727781 Tokyo
2 -6.3958333333333286 106.80416666666667 31479082.101829529 Jakarta
3 28.729166666666671 77.370833333333337 31430677.363627195 Delhi
4 31.112499999999997 121.29583333333335 27662723.835428238 Shanghai
5 30.354166666666664 31.212500000000006 27551045.922188282 Cairo
6 23.854166666666671 90.645833333333314 27470356.27573204 Dhaka
7 22.612499999999997 88.229166666666629 26196480.306203842 Kolkata
8 22.904166666666669 113.47083333333336 26006540.886723518 Guangzhou
9 19.212499999999991 73.07916666666668 24942035.249956846 Mumbai
10 37.470833333333331 126.98750000000001 23858246.407101631 Seoul
11 14.5625 120.96249999999998 23047318.580691338 Manila
12 19.4375 -99.262500000000003 22265268.029790103 Mexico City
13 -23.637500000000003 -46.554166666666674 21998765.93219161 Sao Paulo
14 39.920833333333334 116.57083333333333 21967566.642997861 Beijing
15 22.645833333333329 114.12083333333334 21724581.183954716 Shenzhen/Hong Kong
16 13.787499999999994 100.45416666666665 16365887.063265324 Bangkok
17 55.779166666666661 37.762499999999989 16287854.830042973 Moscow
18 34.762499999999996 135.42916666666667 15436754.891210318 Osaka
19 40.945833333333333 29.020833333333314 15181078.685393572 Istanbul
20 -34.6875 -58.629166666666663 14926375.731981516 Buenos Aires
21 40.729166666666664 -74.020833333333329 14663897.007637769 New York City
22 25.854166666666671 85.137499999999989 14399653.027539968 Patna
23 6.7958333333333343 3.3541666666666572 14273463.277165651 Lagos
24 31.787500000000001 74.195833333333326 14212413.775571346 Lahore
25 10.745833333333337 106.67083333333329 14099126.439622879 Ho Chi Minh City
26 35.62916666666667 51.304166666666674 14038323.847433686 Tehran
27 30.770833333333329 103.98750000000001 14023708.492232084 Chengdu
28 13.104166666666657 77.795833333333292 13992653.38813448 Bengaluru
29 24.845833333333331 67.229166666666657 13712311.550758362 Karachi
30 31.604166666666664 120.35416666666669 13369627.702782869 Changzhou/Wuxi/Suzhou
31 13.0625 79.929166666666674 12778469.720393181
32 -7.0291666666666686 107.87916666666666 12682561.11425209
33 -22.770833333333329 -43.32916666666668 12560012.105814934
34 51.554166666666667 -0.38749999999998863 12521319.016494319
35 23.362500000000011 116.40416666666664 12378177.147458076
36 25.479166666666671 82.779166666666697 12026033.475829124
37 39.170833333333334 117.3125 11869417.992088079
38 23.162500000000009 91.079166666666652 11746268.226820469
39 26.695833333333333 80.604166666666686 11649723.265420675
40 48.87083333333333 2.3541666666666572 11551038.448228359
41 20.962500000000006 105.99583333333334 11544594.035589695
42 25.995833333333337 86.012499999999989 11459654.613522053
43 34.012500000000003 -118.04583333333333 11346430.879589774
44 -7.5875000000000057 112.57916666666665 11294754.125411987
45 30.3125 120.45416666666665 11150731.948625088
46 22.779166666666669 72.745833333333337 11110865.969751835
47 31.029166666666669 30.9375 11014900.282454014
48 30.712500000000006 114.1541666666667 10904292.296648264
49 32.112500000000004 119.13749999999999 10686601.48793602
50 17.404166666666669 78.304166666666674 10540300.151210785
51 24.912499999999994 121.42083333333335 10432603.319122314
52 34.387500000000003 108.87916666666666 10299823.705049753
53 24.787499999999994 118.29583333333335 10250890.796918392
54 26.437499999999993 84.529166666666697 10234347.820611715
55 -26.037499999999994 28.162499999999994 10198913.319671392
56 -11.995833333333323 -76.845833333333331 10197781.350786746
57 35.070833333333333 113.61250000000001 10050568.171897411
58 4.6958333333333258 -74.212499999999991 9848800.4384206533
59 26.837499999999999 83.604166666666629 9764668.8431868553
60 28.9375 78.645833333333314 9460156.0174059868
61 26.62083333333333 85.370833333333337 9288842.1272947788
62 41.612499999999997 123.61250000000001 9203376.2088884115
63 29.604166666666664 106.17916666666667 9193639.9349594116
64 -7.6208333333333371 110.57916666666665 9180497.6478691101
65 25.012500000000003 85.220833333333303 9176644.7676558495
66 24.337499999999991 88.179166666666674 9120437.8169212341
67 35.112500000000004 136.88749999999999 9012602.9096565247
68 5.8541666666666714 7.0791666666666799 9007378.0513870716
69 25.670833333333334 81.662500000000023 8953910.4657869339
70 34.112499999999997 71.829166666666652 8831584.607026577
71 25.379166666666663 86.862500000000011 8785103.0184407234
72 27.512500000000003 78.095833333333303 8784284.8354861736
73 1.3791666666666629 103.87916666666666 8760001.982254982
74 20.979166666666671 73.020833333333343 8735609.9732174873
75 38.145833333333336 114.82083333333333 8727444.3644164801
76 18.8125 73.954166666666652 8555871.3119673729
77 24.120833333333337 89.795833333333292 8554270.0867676735
78 51.262500000000003 7.0291666666666686 8553331.0308546796
79 23.670833333333334 86.554166666666674 8511762.0968427658
80 24.729166666666657 90.612500000000011 8456010.3798017502
81 31.095833333333331 30.204166666666652 8433218.7857023478
82 31.5625 73.0625 8416102.9666655064
83 23.19583333333334 88.795833333333292 8380638.2114305496
84 24.970833333333331 89.612500000000011 8301255.8664484024
85 27.829166666666666 120.53750000000002 8234246.265458107
86 25.970833333333331 89.27916666666664 8226025.8770356178
87 33.42916666666666 44.220833333333331 8204681.3940587044
88 25.920833333333334 83.787499999999966 8188354.5753483772
89 33.887500000000003 72.945833333333326 8136522.7201807499
90 26.262499999999996 82.920833333333292 8064283.1504600048
91 27.995833333333337 112.82916666666665 8059314.8509163857
92 22.379166666666663 91.879166666666663 8054806.831890583
93 17.037499999999994 96.254166666666663 8049227.6292910576
94 2.9791666666666714 101.71249999999998 8012147.252076149
95 29.662500000000001 77.820833333333326 7933596.7134451866
96 -4.44583333333334 15.495833333333337 7859777.5671532154
97 25.579166666666666 87.804166666666674 7826598.4094834328
98 32.487500000000004 74.504166666666663 7762239.709748745
99 11.879166666666663 8.3374999999999773 7696946.1603758335
100 10.995833333333337 76.0625 7693055.4961485863
101 31.054166666666674 31.662499999999994 7689059.7506386042
102 -8.8125 13.412500000000023 7579552.8490474224
103 26.829166666666673 81.770833333333314 7516289.4374928474
104 36.42916666666666 114.54583333333335 7514729.7482347488
105 26.212499999999999 87.087499999999977 7499321.7181560993
106 41.829166666666666 -87.920833333333348 7492781.6472895741
107 28.354166666666671 79.170833333333348 7345814.5720252991
108 36.495833333333337 117.37083333333334 7340477.6185324192
109 24.012500000000003 88.945833333333326 7327536.0497264862
110 25.337500000000006 84.454166666666652 7286362.5022511482
111 -33.529166666666654 -70.870833333333337 7283854.8309397697
112 15.529166666666669 32.670833333333348 7197019.3309924603
113 25.204166666666666 86.020833333333314 7194447.097992897
114 22.070833333333326 87.595833333333303 7181913.8727293015
115 36.254166666666663 120.03750000000002 7134524.7884185314
116 23.045833333333334 89.879166666666663 7100922.4813609123
117 29.904166666666661 121.26249999999999 7054690.7697248459
118 24.704166666666666 91.979166666666686 7024089.9698185921
119 -1.1041666666666714 36.962499999999977 7022239.6537997723
120 -7.1041666666666714 109.32916666666665 7022005.6554708481
121 27.579166666666666 79.77916666666664 6993075.1018459797
122 7.0208333333333286 80.1875 6921583.2671995163
123 45.579166666666666 9.2541666666666629 6884234.3535524905
124 32.095833333333339 35.120833333333309 6852555.9693495035
125 33.837500000000006 113.67916666666667 6727638.3556616306
126 52.12916666666667 4.7874999999999943 6719078.0598503128
127 53.570833333333333 -1.9375 6654160.0257693715
128 9.7708333333333286 76.495833333333337 6651170.8894257545
129 27.095833333333339 82.787499999999966 6577656.5383195877
130 4.8374999999999915 7.6041666666666856 6574785.8396465778
131 29.87916666666667 71.445833333333326 6554119.3147034645
132 40.429166666666667 -3.5958333333333314 6531188.9675054848
133 45.604166666666671 126.65416666666664 6492422.824887991
134 -6.9208333333333343 110.70416666666665 6468418.3785791397
135 35.454166666666673 128.9375 6442281.2475614548
136 25.745833333333337 119.25416666666666 6431323.4489965439
137 37.5625 112.35416666666669 6413291.429864645
138 30.712500000000006 76.270833333333314 6408778.2051217556
139 27.029166666666661 76.137499999999989 6393658.8881702423
140 29.187499999999993 30.962500000000006 6393473.0773595572
141 24.662499999999994 46.645833333333314 6390077.6869018078
142 -6.5458333333333343 39.212500000000006 6379314.3697977066
143 31.762499999999996 116.91250000000002 6346586.7774865627
144 28.379166666666663 115.80416666666667 6319637.5300059319
145 32.25416666666667 35.945833333333326 6268917.4351472855
146 34.529166666666669 112.67916666666667 6266324.923281908
147 20.487499999999997 86.145833333333371 6260377.7782988548
148 10.912499999999994 77.02916666666664 6253352.4575242996
149 36.495833333333337 3.1125000000000114 6230727.5726614594
150 36.8125 118.30416666666667 6158908.6713113785
151 34.254166666666663 116.73749999999995 6125061.7010369301
152 24.1875 91.320833333333326 6123681.417075634
153 34.787500000000001 69.262499999999989 6097636.9067378044
154 27.629166666666663 80.920833333333348 6082949.1698598862
155 23.579166666666666 88.037500000000023 6081455.7080726624
156 43.520833333333336 -79.529166666666669 6075727.7491103262
157 38.804166666666667 115.76249999999999 6055878.3526849747
158 31.604166666666664 75.312499999999972 6048909.1683535576
159 11.429166666666674 77.912499999999966 6047584.5041971207
160 -7.8375000000000057 111.80416666666667 6016926.7733240128
161 33.67916666666666 35.92083333333332 6016398.1834692955
162 35.237500000000004 116.7791666666667 5998979.0852968693
163 26.37083333333333 88.52916666666664 5991379.4593756199
164 28.270833333333329 78.245833333333337 5961150.8246102333
165 -7.0374999999999943 108.48750000000001 5941393.0486021042
166 -6.5458333333333343 107.37083333333334 5922861.9644823074
167 7.5874999999999915 4.2041666666666799 5918300.1941411495
168 22.320833333333326 113.16249999999997 5884472.9716887474
169 52.762500000000003 -1.6875 5883964.043183133
170 16.779166666666669 81.870833333333337 5857506.5210180283
171 39.079166666666666 -76.945833333333326 5852845.9244835824
172 25.287499999999994 88.795833333333292 5815621.9488596916
173 5.8624999999999972 -0.3125 5809176.6592282057
174 32.87083333333333 -96.987499999999997 5806408.4266183823
175 16.587499999999991 74.445833333333354 5801684.5650889874
176 32.337499999999999 120.10416666666669 5786603.502966404
177 38.904166666666669 125.6875 5764417.1466016769
178 26.954166666666673 79.337500000000034 5748578.9806613922
179 21.529166666666669 110.58749999999998 5741107.1110816002
180 0.4791666666666714 32.82916666666668 5633447.9767844677
181 22.887500000000003 75.637499999999989 5633347.3877050877
182 22.512500000000003 88.954166666666652 5631099.7960181236
183 59.870833333333337 30.445833333333354 5623041.3924915027
184 33.379166666666663 114.97916666666669 5618658.9504759312
185 22.42916666666666 90.420833333333348 5612063.0281691551
186 16.420833333333334 80.8125 5603442.3373885155
187 20.537500000000009 -103.45416666666667 5568757.7855310291
188 21.545833333333334 39.537499999999994 5562290.9511766434
189 29.787500000000001 -95.387500000000003 5545025.238922447
190 23.345833333333331 112.95416666666671 5529257.6271367073
191 8.8458333333333314 76.870833333333337 5526765.6149377823
192 -19.8125 -44.195833333333354 5507320.207918644
193 34.887499999999996 118.00416666666666 5484253.6219742298
194 10.30416666666666 -67.087499999999991 5480984.6129671335
195 25.620833333333337 -100.25416666666666 5480762.0079034567
196 25.162499999999994 55.4375 5463954.332351923
197 37.645833333333336 -122.02916666666667 5460758.882673366
198 35.954166666666666 115.37083333333334 5446521.2304570675
199 3.4708333333333314 98.620833333333337 5417374.6664657593
200 28.479166666666671 121.22916666666669 5386160.6023316383
201 28.0625 76.979166666666629 5321069.9472913742
202 33.345833333333331 -7.4625000000000057 5295448.2483121753
203 39.654166666666669 118.54583333333335 5282434.6038752794
204 8.82083333333334 38.995833333333337 5280818.6418409348
205 11.904166666666669 79.429166666666674 5275179.0000319481
206 21.079166666666666 81.679166666666674 5264581.7662243843
207 26.337499999999999 91.4375 5254509.8273823261
208 30.637500000000003 73.095833333333331 5251451.0008945465
209 26.137499999999996 80.987500000000011 5235441.4216911793
210 14.654166666666669 -90.837500000000006 5221456.3477884531
211 29.37916666666667 77.02916666666664 5215930.8908936977
212 40.045833333333334 -75.195833333333326 5215862.9466875792
213 25.4375 68.587500000000006 5195471.9208586216
214 33.94583333333334 74.862499999999983 5182488.3468174934
215 24.962499999999991 88.020833333333314 5173895.9650330544
216 30.904166666666669 120.80416666666667 5157805.8485565186
217 39.920833333333334 33.004166666666663 5143653.9187204838
218 41.520833333333336 2.0541666666666458 5133750.9912880361
219 50.987500000000004 4.2708333333333428 5130497.8577189073
220 23.845833333333331 120.57083333333333 5127311.2072381973
221 43.679166666666667 125.17083333333335 5121619.6153006554
222 20.595833333333331 106.39583333333337 5097639.0841259956
223 24.962499999999991 102.9041666666667 5079544.8671913147
224 5.5458333333333343 -4.1291666666666629 5079399.9373289347
225 32.779166666666669 112.44583333333333 5072736.3295533657
226 15.3125 120.75416666666666 5042913.1357879639
227 40.99583333333333 122.51249999999999 5024861.5805336237
228 13.712499999999991 44.129166666666663 5024705.2646155357
229 -6.2875000000000085 106.12916666666666 5012168.9020700455
230 14.770833333333343 -17.104166666666657 5005302.1276888847
231 29.170833333333327 119.82916666666665 5004739.983748436
232 9.7708333333333286 77.787500000000023 5001630.8184952736
233 10.787499999999994 79.47083333333336 4965271.143699646
234 27.395833333333336 85.204166666666652 4920571.5268945694
235 35.095833333333339 115.8125 4912890.6674001217
236 34.479166666666664 114.16249999999997 4908418.5177605152
237 33.879166666666663 118.97916666666669 4905236.7399570942
238 37.229166666666664 114.89583333333331 4898207.1049449444
239 27.545833333333334 81.762499999999989 4888101.6451790333
240 33.5625 130.61250000000001 4880716.2848763466
241 34.154166666666669 115.51249999999999 4874831.8247687817
242 31.004166666666663 74.212500000000006 4862983.197217226
243 29.429166666666667 105.0625 4860471.3203270435
244 26.470833333333339 92.47083333333336 4857975.5918748379
245 40.862500000000004 14.570833333333354 4855006.1724805236
246 31.929166666666667 121.10416666666669 4854559.1779503822
247 22.854166666666671 120.37916666666666 4852145.2641205788
248 32.8125 116.96250000000003 4824376.8430392742
249 26.570833333333333 78.037500000000023 4816403.0941317081
250 10.162499999999994 106.0291666666667 4806420.6097154617
