1 22.854166666666671 113.50416666666666 63865001.202033043 Guangzhou/Shenzhen/Hong Kong
2 23.920833333333334 90.379166666666663 60336617.273092747 Dhaka
3 28.729166666666671 77.845833333333303 59145380.337148428 Delhi
4 31.395833333333329 120.80416666666667 58413334.362941027 Shanghai
5 22.9375 88.454166666666652 54181604.661727905 Kolkata
6 -6.7041666666666657 107.19583333333333 53569717.516252518 Jakarta
7 30.762500000000003 30.804166666666674 53372319.753418922 Cairo
8 25.979166666666671 85.4375 53273947.533667326 Patna (northern India)
9 39.345833333333331 116.69583333333333 45406433.610456705 Beijing
10 35.8125 139.42083333333329 42755031.115332603 Tokyo
