1 28.604166666666671 77.22083333333336 28388318.627309084
2 31.154166666666669 121.42083333333335 28025038.755872726
3 -6.3458333333333456 106.75416666666666 26832197.832066536
4 23.862499999999997 90.462499999999977 26499477.840029716
5 35.679166666666667 139.64583333333331 26048741.869248867
6 30.262500000000003 31.204166666666652 23943374.514759421
7 19.17916666666666 73.037499999999994 23765091.813367128
8 39.962499999999999 116.41250000000002 23014591.447762609
9 37.462499999999999 126.97916666666669 22455187.26718235
10 14.5625 121.02916666666664 22252222.747824669
11 22.5625 114.07083333333333 22191652.431852341
12 22.470833333333331 88.27916666666664 21231208.018353939
13 -23.537500000000009 -46.620833333333337 20560028.834000587
14 19.495833333333337 -99.079166666666666 20313699.472484082
15 22.987499999999997 113.39583333333331 20312148.13151741
16 13.795833333333334 100.60416666666669 16308114.882335663
