1 28.587500000000006 77.22083333333336 23147925.741774321 Delhi
2 -6.2958333333333343 106.82083333333333 21074336.051258087 Jakarta
3 19.120833333333337 72.979166666666657 20635482.518758774 Mumbai
4 31.204166666666666 121.35416666666669 19714227.100432873 Shanghai
5 23.8125 90.454166666666708 19093333.935588837 Dhaka
6 30.170833333333334 31.229166666666657 18813106.880307674 Cairo
7 35.6875 139.62916666666666 18769443.700791836 Tokyo
8 37.479166666666664 126.92083333333335 18196221.997004747 Seoul
9 19.454166666666666 -99.087500000000006 17329804.226261526 Mexico City
10 -23.5625 -46.604166666666657 17215192.770525694 Sao Paulo
11 22.57083333333334 88.254166666666663 17189824.943004131 Kolkata
12 39.929166666666667 116.37916666666666 17016846.567109942 Beijing
13 14.554166666666674 121.04583333333335 16942043.659375191 Manila
14 23.037500000000009 113.25416666666666 14378263.057955265 Guangzhou
15 22.487499999999997 114.12083333333334 13647616.205805302 Shenzhen/Hong Kong
16 55.74583333333333 37.662500000000023 13514136.414627619 Moscow
17 24.9375 67.070833333333326 13474585.78703475 Karachi
18 40.99583333333333 28.987500000000011 12475583.624901295
19 13.779166666666669 100.54583333333329 12435578.885620117
20 6.5958333333333314 3.3375000000000057 11887603.276779413
21 -34.654166666666669 -58.54583333333332 11710495.277695179
22 13.104166666666657 77.604166666666686 11530154.409473419
23 10.854166666666671 106.74583333333334 11443963.555105686
24 40.770833333333336 -73.979166666666671 10918284.428982645
25 35.712499999999999 51.237500000000011 10619763.591735721
26 34.679166666666667 135.5625 10346380.622634649
27 13.05416666666666 80.112500000000011 10256578.251498222
28 -12.029166666666669 -76.987500000000011 9710075.5600273609
29 31.587499999999999 74.204166666666652 9685932.6454360485
30 30.704166666666666 104.07916666666665 9523350.3273291588
31 48.837499999999999 2.3208333333333542 9496357.8460272253
32 -22.80416666666666 -43.262500000000017 9225187.256619215
33 4.7041666666666657 -74.170833333333334 9146710.3499062657
34 51.504166666666663 -0.13749999999998863 9113935.3985718638
35 17.429166666666674 78.487500000000011 8936073.9367690086
36 22.887500000000003 113.87083333333334 8707559.5406451225
37 -6.9874999999999972 107.62916666666666 8476713.7105827332
38 24.995833333333337 121.39583333333331 8401345.5880098343
39 30.537499999999994 114.24583333333334 8137674.8164477348
40 23.129166666666663 72.487499999999983 7807312.9741575718
41 39.045833333333334 117.13749999999999 7735626.3793683052
42 -4.3291666666666657 15.387500000000017 7578039.5797941685
43 18.645833333333329 73.870833333333337 7352443.1712760925
44 1.4708333333333314 103.79583333333335 7274748.0794200897
45 -8.9458333333333258 13.3125 7170800.7240023613
46 32.045833333333327 118.83749999999998 6832234.829885006
47 -7.3541666666666572 112.60416666666669 6813411.7559356689
48 34.229166666666671 108.8125 6786449.8977401257
49 33.962500000000006 -118.16249999999999 6744374.8325461596
50 -33.462499999999991 -70.712500000000006 6723907.0728201866
51 3.0541666666666742 101.61250000000001 6583679.8812799454
52 21.045833333333334 105.89583333333331 6514089.0372786522
53 30.24583333333333 120.29583333333335 6491846.6731734276
54 23.387500000000003 116.51249999999999 6473987.599237442
55 21.112499999999997 72.862500000000011 6451476.9154148102
56 16.9375 96.195833333333326 6431563.0137786865
57 15.620833333333337 32.512500000000017 6407671.6898286343
58 33.445833333333326 44.379166666666663 6373317.944978714
59 25.670833333333334 85.295833333333348 6282784.759663105
60 41.837499999999999 123.48750000000001 6262894.3839063644
61 24.670833333333334 46.737499999999983 6053248.8178203106
62 31.712499999999999 120.14583333333337 6047539.4870126247
63 31.104166666666671 30.004166666666663 6030410.3752206564
64 29.612500000000004 106.4375 5938669.775277853
65 30.629166666666663 31.137499999999989 5891650.5846003294
66 22.404166666666669 91.912500000000023 5861200.5026321411
67 -6.80416666666666 39.137499999999989 5747745.1914067268
68 26.829166666666673 81.079166666666652 5730511.613171339
69 -26.195833333333326 28.0625 5728496.9760782719
70 25.387500000000003 83.045833333333348 5683822.1428756714
71 34.704166666666666 113.52083333333337 5660810.6417355537
72 31.429166666666667 120.75416666666666 5657520.5125288963
73 35.179166666666667 136.95416666666665 5612423.9132971764
74 27.9375 120.70416666666665 5574438.096203804
75 26.587499999999999 80.429166666666674 5508092.7316567898
76 40.412500000000001 -3.6291666666666629 5444804.5355312824
77 -1.19583333333334 36.804166666666646 5396618.2233951092
78 35.462499999999999 139.42083333333329 5344632.6514225006
79 31.395833333333329 73.1875 5303587.1891896725
80 11.9375 8.4291666666666458 5202253.4395987988
81 20.620833333333337 -103.3625 5067208.0166606456
82 28.045833333333334 113.03750000000002 5053363.380862236
83 -6.2208333333333456 106.40416666666664 5030741.0033903122
84 45.787500000000001 126.62083333333334 5022849.9987002611
85 25.770833333333329 -100.27916666666667 4978338.4514635652
86 35.804166666666667 140.05416666666667 4917436.0599958897
87 22.587500000000006 113.22916666666663 4915015.9113111496
88 59.870833333333337 30.254166666666663 4892592.4068949651
89 31.012500000000003 31.387499999999989 4882860.9451107979
90 34.62916666666667 69.179166666666674 4882322.2091765404
91 -6.7291666666666714 106.86250000000001 4881000.4589366913
92 39.962499999999999 32.787500000000023 4862870.859210372
93 24.612499999999997 118.0291666666667 4806776.2494831085
94 34.095833333333331 71.554166666666646 4745248.0597920418
95 33.69583333333334 72.945833333333326 4735491.0774300098
96 -19.862500000000011 -44.012500000000017 4732985.2332489491
97 5.3458333333333314 -3.9124999999999943 4728534.0241272449
98 26.979166666666664 75.837499999999977 4693963.4193921089
99 25.245833333333337 55.370833333333337 4687144.7535181046
100 43.712499999999999 -79.529166666666669 4610377.8873572126
101 38.079166666666673 114.5958333333333 4585666.9130804539
102 25.404166666666669 81.970833333333303 4567880.8846654892
103 27.12083333333333 78.170833333333348 4565469.2570884228
104 37.720833333333339 112.51249999999999 4557821.9767341614
105 31.8125 117.26249999999999 4525423.56757617
106 28.862499999999997 77.604166666666686 4522001.6086609364
107 -6.30416666666666 107.20416666666665 4499669.2039880753
108 24.845833333333331 118.55416666666667 4498835.0568985939
109 3.6208333333333371 98.612500000000011 4474028.664973259
110 36.637500000000003 3.0374999999999943 4463633.8072750568
111 35.212499999999999 128.91250000000002 4444808.3864638805
112 33.579166666666666 -7.5625 4441897.4232929945
113 5.9791666666666714 6.9291666666666458 4401905.9429821968
114 41.845833333333331 -87.837500000000006 4367725.7432217002
115 36.262500000000003 120.28750000000002 4353924.8929975033
116 5.6291666666666629 -0.23750000000001137 4353496.5182458162
117 22.912500000000009 88.554166666666674 4345130.8833127022
118 41.487499999999997 2.1625000000000227 4329555.4949462414
119 45.595833333333331 9.1458333333333428 4310479.1626005173
120 26.037500000000001 119.42083333333335 4293624.9140191078
121 8.9208333333333343 38.837500000000006 4275068.9285957813
122 25.587500000000006 86.145833333333371 4247402.9116654396
123 10.320833333333326 -66.862499999999997 4238418.2053488493
124 6.9208333333333343 80.004166666666663 4235632.042825222
125 32.070833333333333 35.929166666666674 4228814.6247622967
126 28.762500000000003 78.620833333333337 4226632.8814437389
127 23.012500000000003 91.162499999999966 4202097.2066936493
128 23.454166666666666 90.97083333333336 4165711.4995894432
129 26.229166666666664 85.529166666666697 4141033.3762700558
130 36.6875 116.95416666666665 4133853.2616019249
131 30.620833333333337 31.620833333333337 4119469.5713210106
132 26.229166666666664 86.079166666666652 4103941.1303710938
133 27.770833333333329 85.254166666666663 4100629.0369756222
134 32.270833333333336 74.270833333333314 4098668.0857334137
135 0.37916666666666288 32.637499999999989 4091795.3638117313
136 18.470833333333331 -69.912499999999994 4082571.2835685611
137 22.42916666666666 73.07916666666668 4079193.8693728447
138 23.895833333333329 91.070833333333326 4070558.8815369606
139 41.279166666666669 69.229166666666686 3999115.3845431805
140 6.1708333333333343 -75.454166666666652 3973054.2078809738
141 28.629166666666663 115.92083333333335 3959454.4456539154
142 24.945833333333326 102.67916666666667 3919422.728577137
143 -33.987499999999997 18.645833333333343 3911518.26009202
144 52.487500000000004 13.362500000000011 3897319.6166016683
145 51.37083333333333 6.9458333333333542 3895128.9827876687
146 23.712500000000006 87.020833333333314 3878096.8779854774
147 24.070833333333326 120.62083333333334 3877451.7469367981
148 25.279166666666669 82.429166666666674 3869659.7791435719
149 26.645833333333336 83.229166666666686 3867547.4033417702
150 -7.2374999999999972 108.03749999999997 3861482.3964595795
151 25.987499999999997 84.695833333333326 3853813.602647543
152 43.854166666666664 125.22083333333336 3843613.376696825
153 43.954166666666673 87.520833333333314 3842547.6892769337
154 11.1875 75.97083333333336 3825494.3916926384
155 14.612499999999997 -90.620833333333337 3822880.3289277554
156 -33.854166666666671 151.0291666666667 3818397.9508781433
157 21.529166666666669 39.254166666666663 3799110.8505606651
158 22.295833333333334 87.895833333333314 3790985.764957428
159 22.679166666666674 75.729166666666657 3785547.962233305
160 29.812500000000007 121.60416666666669 3773835.0446696281
161 22.895833333333329 114.30416666666667 3772389.8593082428
162 -7.6624999999999943 110.46249999999998 3772347.8464097977
163 11.037499999999994 77.145833333333314 3742304.4915423393
164 39.104166666666671 125.6541666666667 3704530.8300437927
165 -8.0208333333333428 -34.995833333333337 3699584.3060517311
166 37.970833333333339 23.754166666666663 3685428.8034629822
167 14.220833333333331 120.96249999999998 3684918.9221715927
168 21.120833333333337 79.037500000000023 3680771.6115717888
169 30.979166666666671 30.679166666666646 3673896.0094666481
170 3.7291666666666714 11.512499999999989 3671112.3878529072
171 -3.9041666666666686 -38.570833333333354 3642475.6608244181
172 39.020833333333329 121.62916666666666 3628478.6298663616
173 30.070833333333333 71.404166666666669 3626100.3803634644
174 -12.8125 -38.412500000000023 3613366.2634497881
175 14.787500000000009 -17.287499999999994 3613307.0734684467
176 7.3458333333333314 3.9958333333333371 3606534.9917176962
177 24.645833333333329 88.070833333333326 3586183.6098804474
178 40.87916666666667 14.354166666666657 3575014.7696787715
179 -6.2875000000000085 23.604166666666657 3566831.6762404442
180 23.720833333333331 86.320833333333326 3556594.1114478111
181 25.904166666666669 82.820833333333326 3547042.3690168858
182 23.979166666666671 88.3125 3543917.1481118202
183 26.295833333333327 84.362500000000011 3541956.6301534176
184 26.0625 82.012499999999989 3528908.3460693359
185 5.6041666666666714 7.1624999999999943 3525630.3614587784
186 25.8125 85.704166666666652 3501651.309595108
187 28.19583333333334 79.295833333333348 3486323.6022901535
188 29.195833333333333 47.912500000000023 3482424.4785680771
189 33.479166666666671 36.320833333333354 3474736.1810265779
190 29.262499999999996 30.979166666666657 3464488.0586767197
191 26.954166666666673 82.0625 3460772.5646731853
192 30.5625 76.745833333333337 3458170.5803906918
193 9.9708333333333314 76.420833333333348 3457581.2171177864
194 31.970833333333339 34.970833333333331 3455778.3828701973
195 36.020833333333329 139.57083333333333 3453683.0709998608
196 6.7708333333333428 -1.5374999999999943 3439560.757068038
197 45.570833333333333 -73.645833333333329 3435907.2070186287
198 -6.8125 108.42916666666667 3419161.3652410507
199 38.454166666666666 27.262499999999989 3417709.6292977333
200 26.579166666666673 106.59583333333336 3411662.2071847916
201 -7.1208333333333371 110.49583333333334 3400657.8129673004
202 26.087499999999999 83.40416666666664 3385890.6171386242
203 12.587500000000006 -7.9791666666666572 3382603.4268686771
204 53.545833333333334 -2.3958333333333428 3364283.0473176856
205 26.604166666666664 85.279166666666697 3357155.9449689388
206 38.9375 -77.137500000000003 3355857.1550261676
207 31.07083333333334 121.61250000000001 3345827.7500567436
208 24.30416666666666 89.795833333333292 3339992.2707448006
209 23.354166666666671 88.504166666666663 3337488.6602120399
210 24.654166666666669 90.47083333333336 3336720.710896492
211 22.1875 88.420833333333348 3332648.1993670464
212 29.854166666666664 77.695833333333326 3318266.7814688683
213 16.395833333333329 80.554166666666674 3308974.104475975
214 22.8125 120.3125 3307587.778280735
215 25.720833333333331 89.420833333333348 3305750.6891355515
216 40.004166666666663 -75.137499999999989 3302940.797810927
217 36.379166666666663 59.504166666666691 3295191.7732257843
218 32.62916666666667 -117.00416666666666 3284770.7535657361
219 28.57083333333334 121.39583333333331 3267116.6910748482
220 32.570833333333333 74.712500000000006 3257800.6797997952
221 14.94583333333334 120.87916666666666 3253929.7162370682
222 21.220833333333331 81.495833333333337 3246442.1933159828
223 52.487500000000004 -1.8291666666666515 3237703.6593406163
224 -29.8125 30.862499999999983 3236552.3089032173
225 27.779166666666669 78.170833333333348 3234460.9445698261
226 26.712499999999999 83.779166666666697 3233813.9309532642
227 18.520833333333329 -72.420833333333334 3222860.1059327126
228 29.770833333333336 -95.512500000000003 3219542.7287628949
229 50.445833333333333 30.504166666666663 3218184.052916348
230 16.787499999999994 74.395833333333343 3217369.5778982639
231 25.012500000000003 87.104166666666686 3208902.0663022995
232 25.720833333333331 87.6875 3201218.4822773933
233 41.80416666666666 12.595833333333303 3200663.5966588855
234 19.162499999999994 -98.279166666666669 3198072.7438212335
235 -8.0208333333333428 112.64583333333331 3196557.9256210327
236 34.079166666666666 72.220833333333331 3191336.5676832199
237 20.3125 85.962500000000034 3185534.127641201
238 -7.6041666666666572 110.87916666666666 3182874.0716686249
239 -29.945833333333326 -51.145833333333314 3161747.7781777382
240 26.779166666666661 84.387499999999989 3137153.8312363625
241 33.779166666666669 35.67083333333332 3133954.9452534914
242 25.012500000000003 85.045833333333348 3123293.2496933937
243 3.3875000000000028 -76.404166666666669 3107099.1836761236
244 24.262499999999989 90.745833333333337 3106297.5504956245
245 -25.45416666666668 -49.295833333333348 3101661.3783129454
246 32.604166666666664 51.595833333333331 3099033.5626442432
247 -37.804166666666674 145.03750000000002 3092580.4925432205
248 23.945833333333326 90.079166666666652 3089778.40716362
249 25.504166666666663 86.59583333333336 3077323.9895153046
250 -18.887499999999989 47.462499999999977 3074953.6729335785
