1 -6.4541666666666657 106.9375 35953762.869242668 Jakarta
2 28.712499999999999 77.4375 35110125.618078232 Delhi
3 22.854166666666671 113.5625 34672913.718176842 Guangzhou
4 35.712499999999999 139.7208333333333 34599793.802654505 Tokyo
5 31.137500000000003 121.05416666666667 33150751.470920324 Shanghai
6 30.462499999999999 31.237500000000011 32866681.512525439 Cairo
7 23.854166666666671 90.754166666666663 32757530.903800964 Dhaka
8 22.5625 88.287500000000023 31326038.483516216 Kolkata
9 19.087499999999991 73.087500000000006 25670706.608335733 Mumbai
10 14.395833333333329 120.97916666666669 25101823.238208771 Manila
11 37.412500000000001 127.03750000000002 25006724.055526972
12 19.345833333333331 -99.254166666666677 24494597.809666693
13 39.904166666666669 116.70416666666665 24278643.303806305
14 -23.57083333333334 -46.554166666666674 23198935.323851466
15 25.9375 85.462500000000034 19614608.976748228
16 22.712500000000006 114.30416666666667 18207666.483360291
17 31.845833333333331 74.40416666666664 17808962.036789179
18 13.887500000000003 100.46249999999998 17569703.265737057
19 55.729166666666664 37.662500000000023 16997770.883493423
20 34.695833333333333 135.35416666666669 16964369.432171106
21 40.662500000000001 28.995833333333337 16638617.595637202
22 -6.92916666666666 108.01250000000005 16246919.036833763
23 40.720833333333339 -73.94583333333334 16083365.127927735 New York City
24 30.737499999999997 104.08749999999998 16076462.109551907
25 31.904166666666661 120.37916666666666 15872017.062752724
26 25.587500000000006 82.729166666666686 15846935.408782482
27 -34.712499999999991 -58.42083333333332 15741983.565420032
28 10.612499999999997 106.69583333333333 15605157.723407745
29 12.970833333333331 77.854166666666686 15172609.329999447
30 6.7708333333333428 3.4708333333333314 15082891.82340312
31 20.895833333333343 106.1875 15023106.842977524
32 -7.5791666666666657 112.42916666666667 14817595.748732567
33 35.662500000000001 51.337499999999977 14792058.363730192
34 26.454166666666659 84.604166666666629 14396238.320978165
35 26.479166666666664 80.795833333333348 14310668.546009779
36 51.487499999999997 -0.12916666666666288 14306875.907666333
37 13.029166666666669 79.829166666666652 14304465.23694706
38 24.829166666666666 67.429166666666674 14049770.841649771
39 25.745833333333337 86.40416666666664 13929895.623717785
40 22.679166666666674 72.895833333333343 13784713.426850557
41 23.32083333333334 116.3125 13751419.852497101
42 -7.4124999999999943 110.57916666666665 13388883.083886147
43 26.337499999999999 83.279166666666697 13365289.5817523
44 30.295833333333334 120.4375 13319164.595185757
45 -22.612499999999997 -43.354166666666686 13210021.028543591
46 32.087499999999999 119.24583333333334 13162887.584498882
47 39.120833333333337 117.21250000000003 13100756.587408304
48 34.037500000000009 -117.92916666666666 13022145.289926898 Los Angeles
49 27.570833333333333 78.162499999999966 12892293.146388531
50 28.662500000000001 79.087500000000034 12799623.277903795
51 24.3125 88.262499999999989 12678463.664990425
52 30.462499999999999 114.63749999999999 12661889.676776171
53 31.045833333333334 30.395833333333343 12632623.477711201
54 23.0625 90.920833333333348 12596836.736359119
55 24.545833333333334 89.9375 12537875.236111641
56 34.962499999999999 113.62083333333334 12503188.863806486
57 25.129166666666663 84.662500000000023 12356220.63760519
58 34.454166666666666 108.9375 12252513.362039566
59 48.895833333333329 2.3958333333333144 12096477.006982341
60 24.879166666666663 118.24583333333334 11809580.809402466
61 25.5625 89.154166666666697 11805531.241173267
62 23.529166666666669 88.904166666666697 11703461.015344143
63 -25.962500000000006 28.0625 11665677.16020298
64 25.854166666666671 81.787500000000023 11619148.32398057
65 17.554166666666674 78.204166666666652 11474045.047004223
66 25.729166666666671 87.612500000000011 11353039.545645237
67 41.512500000000003 123.24583333333334 11252617.423293591
68 5.8791666666666629 7.1875 11190611.54026866
69 24.829166666666666 121.37916666666666 11172475.305253506
70 31.087500000000006 73.354166666666657 11077065.989403486
71 38.170833333333341 114.91250000000002 11067080.118377209
72 29.670833333333327 77.404166666666697 11018057.521154881
73 23.795833333333334 86.495833333333337 10943137.62258625
74 27.054166666666667 82.495833333333337 10818379.812782049
75 34.020833333333329 71.970833333333331 10804353.843425274
76 29.520833333333336 106.12916666666666 10611224.763068914
77 51.195833333333333 7.1374999999999886 10464555.71013198
78 -11.829166666666666 -76.979166666666671 10354119.009513915
79 23.170833333333334 89.895833333333314 10160096.079242706
80 4.7874999999999943 -74.212499999999991 10111864.529865026
81 36.57083333333334 117.49583333333334 10020571.154564142
82 36.404166666666669 114.61250000000001 9986419.5250148773
83 35.045833333333327 136.69583333333333 9975596.9836421013
84 20.845833333333331 73.045833333333348 9962899.2066047192
85 33.979166666666671 73.195833333333326 9796380.3459980488
86 26.62083333333333 85.670833333333348 9746268.8051028252
87 31.087500000000006 31.537500000000023 9688441.0350092649
88 30.779166666666669 76.354166666666686 9662898.9001049995
89 -7.2625000000000028 109.42916666666667 9641540.7008733749
90 27.587499999999999 79.654166666666697 9551265.6940264702
91 35.520833333333336 128.85416666666663 9520346.0102536678
92 25.020833333333329 85.712500000000034 9476293.2917208672
93 28.07083333333334 112.77083333333337 9467997.1447649002
94 18.387500000000003 74.145833333333343 9427534.0514676571
95 10.962499999999991 76.170833333333348 9387103.5393037796
96 33.912499999999994 113.72916666666669 9366975.3972892761
97 25.462500000000006 83.779166666666697 9293586.0721073151
98 24.729166666666657 91.854166666666686 9273001.5934171677
99 27.912499999999994 120.67916666666667 9247277.2023181915
100 4.9124999999999943 7.470833333333303 9202649.0870563984
101 11.970833333333331 8.4375 9192406.2445878983
102 27.570833333333333 81.0625 9148228.7990956306
103 7.0458333333333343 80.287500000000023 9120829.8502912521
104 1.2958333333333343 103.73750000000001 9120690.8045072556
105 22.220833333333331 91.920833333333348 8991466.4036989212
106 29.787500000000001 71.504166666666691 8981678.5250627995
107 33.529166666666669 44.245833333333337 8888174.4925961494
108 32.12916666666667 35.512499999999989 8860507.4073873758
109 36.320833333333326 119.91250000000002 8816114.9340755939
110 53.479166666666664 -2.1041666666666572 8797785.1618361305
111 16.94583333333334 96.212500000000034 8746984.7585930824
112 34.645833333333336 117.07083333333333 8598647.2042281628
113 52.029166666666669 4.9041666666666686 8520513.8938966691
114 26.287500000000001 88.52916666666664 8504357.3023982048
115 27.104166666666664 83.570833333333326 8472510.9774417877
116 29.50416666666667 31.054166666666674 8470908.3241392374
117 3.0791666666666657 101.75416666666666 8448058.6735448837
118 29.787500000000001 121.3125 8335164.2076296806
119 24.920833333333334 86.887499999999989 8332963.7834186554
120 41.904166666666669 -87.895833333333343 8300546.4471672624 Chicago
121 22.079166666666666 87.479166666666686 8275176.9949507713
122 24.570833333333326 89.129166666666663 8251659.8043179512
123 39.079166666666666 115.92083333333335 8244627.4935349226
124 9.6708333333333343 76.520833333333314 8237942.9330759048
125 35.454166666666673 116.4375 8137692.7291624546
126 32.604166666666664 74.354166666666686 8116498.6083686352
127 20.5625 86.212500000000034 8074056.4055581093
128 -1.0291666666666686 37.020833333333343 8035720.7742550373
129 11.095833333333331 77.379166666666663 7980375.9452404976
130 33.587500000000006 35.929166666666674 7931191.5380768776
131 -4.5208333333333286 15.445833333333326 7896079.9340507984
132 23.479166666666671 87.754166666666663 7855062.0030412674
133 45.620833333333337 9.2541666666666629 7847113.4833301008
134 32.187499999999993 117.07916666666665 7833619.3625152111
135 34.612500000000004 112.5958333333333 7818926.1636533737
136 33.362499999999997 115.10416666666669 7807284.0784771442
137 -33.412500000000009 -71.07916666666668 7791293.0134865046
138 25.679166666666674 119.08749999999998 7787167.9543418884
139 27.029166666666661 76.212499999999977 7747956.6033959389
140 28.295833333333334 115.99583333333334 7675980.7217712402
141 29.145833333333336 78.354166666666686 7636969.5912787914
142 -8.8791666666666629 13.445833333333326 7632239.696233511
143 35.49583333333333 115.08749999999998 7601225.7491569519
144 24.795833333333334 90.862500000000011 7557959.0912270546
145 21.637499999999989 110.51249999999999 7462159.7198929787
146 7.6541666666666686 4.2708333333333428 7457942.2976773977
147 8.6124999999999972 77.270833333333314 7448094.8476400375
148 23.254166666666677 112.89583333333331 7437747.943772316
149 34.770833333333336 118.62083333333334 7436679.3637182713
150 26.37916666666667 86.895833333333314 7396219.0817351341
151 45.804166666666667 126.47083333333336 7352692.5981396437
152 16.854166666666671 81.854166666666686 7344139.4865465164
153 15.462500000000006 32.737500000000011 7344078.4436028004
154 37.529166666666661 112.22083333333336 7242416.9496088028
155 25.145833333333329 88.254166666666663 7224880.5694727898
156 16.595833333333331 74.604166666666686 7129210.8866891861
157 39.070833333333326 -77.037499999999994 7119763.6782673597
158 36.754166666666663 118.82083333333333 7113916.2103848457
159 11.862499999999997 79.345833333333303 7050842.4375047684
160 16.470833333333331 80.737500000000011 7010403.307495594
161 27.895833333333329 76.987500000000011 6955626.0423657894
162 43.587499999999999 -79.587499999999991 6900236.9701167606
163 -6.5208333333333286 39.129166666666663 6892748.7515444756
164 52.554166666666667 -1.4041666666666686 6878431.9919360243
165 36.462500000000006 3.2958333333333485 6859890.6284006238
166 34.49583333333333 115.12916666666666 6830926.8801240921
167 27.4375 85.020833333333314 6804959.9962084293
168 33.912499999999994 119.25416666666666 6799633.0211846828
169 40.37916666666667 -3.6791666666666742 6775343.8701438606
170 26.362500000000004 91.345833333333303 6766488.9650347233
171 33.754166666666663 -7.2125000000000057 6731161.5948248506
172 31.5625 75.4375 6730607.5439713001
173 10.720833333333331 79.145833333333314 6701136.7585449219
174 39.1875 125.5958333333333 6698941.633056879
175 36.379166666666663 115.74583333333334 6696569.716424942
176 22.354166666666671 90.3125 6694480.4132652283
177 39.829166666666666 118.29583333333335 6687332.0476737022
178 10.262499999999989 -67.145833333333329 6663959.3448300362
179 29.137499999999996 104.99583333333334 6663896.4144399166
180 26.179166666666667 89.729166666666629 6642500.2444524765
181 0.55416666666667425 32.854166666666686 6633821.9062373638
