1 28.637500000000003 77.262499999999989 30502542.786849737 Delhi
2 -6.3624999999999972 106.74583333333334 29738539.386307716 Jakarta
3 31.1875 121.33749999999998 29696006.999817848 Shanghai
4 35.670833333333334 139.64583333333331 29043110.431628466 Tokyo
5 23.82083333333334 90.420833333333348 28721117.382705212 Dhaka
6 30.320833333333333 31.254166666666663 27018331.534237504 Cairo
7 19.195833333333326 73.020833333333343 25325020.978300333 Mumbai
8 22.612499999999997 114.07916666666665 24697117.975175858 Shenzhen
9 39.987499999999997 116.46250000000003 24124456.457901478 Beijing
10 37.429166666666667 126.96249999999998 23779375.082779169 Seoul
11 14.537500000000009 121.01249999999999 23668079.099452972 Manila
12 22.970833333333331 113.4041666666667 23520124.081307888 Guangzhou
13 22.44583333333334 88.1875 23517715.912456989 Kolkata
14 -23.454166666666666 -46.629166666666663 21249051.793030143 Sao Paulo
