1 23.754166666666663 90.404166666666697 5045691.1633152962 Dhaka
2 22.620833333333337 88.404166666666697 4271654.1959228516 Kolkata
3 30.12083333333333 31.287500000000023 4034886.8202229738 Cairo
4 19.079166666666666 72.870833333333337 3740615.3791549206 Mumbai
5 12.995833333333323 77.537500000000023 3712011.0761270523 Bengaluru
6 30.045833333333334 31.22083333333336 3623993.1029158831 Cairo 2
7 21.195833333333326 72.787499999999994 3427872.5214602947 Surat?
8 31.237499999999997 121.45416666666665 3399796.0099697113 Shanghai
9 23.120833333333337 113.26249999999999 3275270.7654871941 Guangzhou
10 24.920833333333334 67.054166666666674 3247002.927728653 Karachi
11 28.6875 77.287500000000023 3205961.0910792351
12 23.012500000000003 72.604166666666657 3061960.7416062355
13 10.779166666666669 106.66250000000002 3047993.1043024063
14 41.037500000000001 28.862499999999983 2989205.2971830368
15 14.645833333333343 120.98750000000001 2782251.6806955338
16 34.270833333333336 108.96250000000003 2773069.2192943096
17 39.129166666666663 117.19583333333333 2661718.2776516676
18 24.837499999999991 67.037499999999994 2563137.1547381878
19 19.1875 72.845833333333331 2545875.3083016872
20 -4.3624999999999972 15.3125 2534330.7873475552
21 22.3125 114.20416666666665 2492771.4307198524
22 22.520833333333329 88.295833333333348 2472042.4529957771
23 32.045833333333327 118.77083333333331 2445619.8173027039
24 30.587499999999999 114.27083333333337 2443895.2928848267
25 41.80416666666666 123.37916666666666 2434024.1716200113
26 22.362499999999997 91.8125 2420649.633149147
27 27.704166666666666 85.329166666666708 2413909.4007415771
28 19.1875 72.962500000000006 2390502.6839187145
29 -6.1208333333333229 23.587500000000006 2343641.3060481548
30 13.004166666666663 77.604166666666686 2327639.7311372757
31 18.495833333333337 73.887499999999989 2309431.3868045807
32 6.5458333333333343 3.3541666666666572 2301204.0070258379
33 39.962499999999999 116.35416666666663 2273457.8170386553
34 13.070833333333326 80.229166666666686 2243993.9420347214
35 28.670833333333334 77.104166666666686 2240530.6612100601
36 23.69583333333334 90.47083333333336 2239614.0799398422
37 31.287500000000001 121.52916666666664 2222853.4427266121
38 24.487499999999997 118.09583333333336 2205756.021548748
39 23.795833333333334 90.370833333333337 2198188.2606782913
40 18.987499999999997 72.845833333333331 2185322.1913866997
41 3.8375000000000057 11.512499999999989 2155026.6700971127
42 11.987499999999997 8.4958333333333087 2154301.0731168985
43 31.87083333333333 117.28749999999997 2114637.8484635353
44 -6.9208333333333343 107.60416666666663 2097811.9228391647
45 43.87916666666667 125.29583333333335 2090114.103172183
46 25.020833333333329 121.48750000000001 2046751.8261890411
47 -1.2791666666666686 36.887500000000017 2026303.6845035553
48 48.862499999999997 2.345833333333303 2022283.5663893223
49 30.6875 104.05416666666667 2018348.139770031
50 4.6041666666666572 -74.112499999999997 2003855.9198253751
51 31.229166666666671 29.995833333333309 1969512.8835208416
52 34.762499999999996 113.63750000000005 1963609.2668504715
53 -6.8291666666666657 39.245833333333337 1943494.231836319
54 22.487499999999997 88.379166666666663 1941565.0165653229
55 19.270833333333329 72.854166666666657 1923857.0362842083
56 28.679166666666667 77.195833333333326 1919264.4515073299
57 14.5625 121.02916666666664 1918845.3763303757
58 21.012500000000003 105.82083333333333 1914006.209654808
59 45.762500000000003 126.63749999999999 1905518.3650707006
60 33.862499999999997 35.520833333333343 1895890.2021552324
61 4.7041666666666657 -74.07083333333334 1892625.7632615566
62 25.32083333333334 82.987499999999955 1889342.7062039375
63 14.704166666666666 121.0625 1876195.1505937576
64 33.579166666666666 -7.5291666666666686 1873345.4036623836
65 -8.8375000000000057 13.27916666666664 1859643.5499110222
66 37.612500000000004 127.05416666666667 1855945.7965490818
67 22.579166666666666 114.11250000000001 1845103.4422054291
68 34.512500000000003 69.137500000000017 1844718.3938446045
69 28.537500000000001 77.245833333333337 1837862.286021471
70 6.2541666666666629 -75.579166666666652 1829517.7507409453
71 26.445833333333333 80.329166666666652 1828354.7749233246
72 31.420833333333334 73.087500000000006 1822917.6324901581
73 28.19583333333334 112.98750000000001 1821868.3028268814
74 39.870833333333337 116.37083333333334 1820519.80007267
75 31.179166666666674 121.4041666666667 1819435.7898402214
76 31.537500000000001 74.3125 1817043.9038879871
77 17.362499999999997 78.47083333333336 1815057.4376044273
78 37.49583333333333 126.89583333333331 1802029.2463963032
79 26.079166666666666 119.3125 1793093.8217387199
80 25.037499999999994 102.71249999999998 1780206.824119091
81 29.987500000000004 31.1875 1777693.4171668291
82 22.82083333333334 108.3125 1763999.8708581924
83 28.670833333333334 115.89583333333331 1757298.4875183105
84 43.804166666666667 87.604166666666686 1756333.9369139671
85 30.287500000000001 120.16250000000002 1748446.2348537445
86 28.620833333333337 77.329166666666652 1747222.5284280777
87 9.0291666666666686 38.745833333333337 1725734.5923836231
88 -6.1708333333333343 106.7791666666667 1724645.544927597
89 25.387500000000003 68.370833333333337 1721445.4663426876
90 36.095833333333331 120.36250000000001 1698359.9594106674
91 9.92916666666666 78.129166666666663 1680118.0677280426
92 37.862500000000004 112.53750000000002 1672440.8354618549
93 41.195833333333333 69.270833333333343 1668991.5352040529
94 6.4791666666666714 3.3458333333333599 1668753.851569891
95 22.712500000000006 75.862499999999983 1651657.1701381207
96 35.695833333333333 51.404166666666669 1646007.0921840668
97 4.0541666666666742 9.7375000000000114 1639461.7859964371
98 29.554166666666667 106.52083333333331 1638851.4980680943
99 -12.045833333333334 -76.995833333333337 1638288.1661844254
100 15.362499999999997 44.204166666666652 1619325.8063287735
101 3.4375 -76.512500000000017 1618123.6105044484
102 33.604166666666671 73.0625 1608051.8957781792
103 19.204166666666666 73.17083333333332 1607783.324852705
104 38.037500000000001 114.48750000000001 1605445.8268373013
105 16.8125 96.162500000000023 1592587.55539608
106 32.162500000000001 74.1875 1592468.2686390877
107 21.137500000000003 79.095833333333303 1579600.2927098274
108 25.462500000000006 81.84583333333336 1578548.2278220654
109 41.079166666666673 28.945833333333326 1572425.9340645075
110 -34.604166666666671 -58.4375 1569635.3089225292
111 1.3541666666666714 103.87916666666666 1555278.0176734924
112 26.87916666666667 80.9375 1552450.2155368328
113 6.6541666666666686 3.2958333333333485 1549581.3243545294
114 25.604166666666671 85.129166666666663 1546796.2285208702
115 19.370833333333337 -99.029166666666669 1535134.6931171119
116 31.462500000000006 74.279166666666669 1528784.9672577381
117 35.729166666666664 139.70416666666665 1525800.9106969833
118 26.587499999999999 106.7208333333333 1522126.8284082413
119 0.50416666666666288 29.462500000000006 1507093.6400675774
120 39.920833333333334 116.45416666666665 1487022.5377947092
121 31.1875 121.52083333333331 1479096.3340058327
122 30.170833333333334 31.362499999999983 1469442.9123591185
123 28.612499999999997 77.045833333333348 1467633.1489570141
124 26.929166666666667 75.762500000000017 1465285.1505222321
125 27.895833333333329 78.079166666666652 1461309.0183849335
126 26.762499999999996 83.387499999999989 1460713.6483168602
127 -4.4124999999999943 15.379166666666663 1458217.2266526222
128 39.904166666666669 116.24583333333334 1458097.1778783798
129 24.92916666666666 66.979166666666657 1457621.0885937214
130 37.529166666666661 127.09583333333336 1450811.3756053448
131 -6.19583333333334 106.87916666666666 1438093.5757751465
132 -12.962500000000006 -38.479166666666686 1436611.2727972269
133 13.079166666666666 77.570833333333326 1433384.770014286
134 -4.2541666666666629 15.270833333333343 1431203.9511282444
135 -11.987499999999997 -77.079166666666666 1428102.1291468143
136 18.537499999999994 -72.32083333333334 1427319.8180558681
137 43.854166666666664 126.55416666666667 1421764.5355217457
138 27.179166666666667 78.012499999999989 1421115.4253695011
139 26.779166666666661 82.170833333333348 1412880.6470925808
140 33.504166666666663 36.3125 1412294.3042839766
141 38.920833333333334 121.5625 1409882.0196871758
142 23.679166666666674 86.954166666666652 1398783.8242278099
143 14.479166666666671 121.02083333333331 1393585.4162597656
144 14.762500000000003 -17.354166666666657 1391174.3942593336
145 37.49583333333333 126.73750000000001 1388709.9570405483
146 41.012499999999996 29.070833333333326 1384693.5444163084
147 36.654166666666669 117.00416666666666 1376934.4204905033
148 19.879166666666663 75.345833333333331 1376853.9241418839
149 28.004166666666663 120.64583333333331 1372066.3544487953
150 40.845833333333339 -73.895833333333329 1366385.02168639
151 -23.654166666666669 -46.770833333333314 1361103.2975362539
152 4.5958333333333314 -74.17916666666666 1355550.3005227447
153 28.370833333333337 79.420833333333348 1351597.8987836838
154 12.979166666666657 80.22083333333336 1350717.0243377686
155 31.1875 29.90416666666664 1333434.6384264231
156 19.412499999999994 -99.129166666666677 1326508.5342237949
157 22.55416666666666 88.379166666666663 1326194.1273441315
158 31.279166666666669 121.37916666666666 1325722.8092856407
159 28.837499999999999 78.754166666666663 1324701.4534499645
160 23.037500000000009 72.654166666666669 1324370.2871160507
161 24.995833333333337 67.070833333333326 1323629.1722352505
162 5.3541666666666714 -4.0625 1323394.609297514
163 5.57083333333334 -0.22916666666665719 1320344.2789541483
164 40.75416666666667 -73.954166666666666 1315946.4999733269
165 40.662500000000001 -73.954166666666666 1315118.7365616113
166 24.845833333333331 67.145833333333343 1313124.9787089825
167 13.737499999999997 100.51249999999999 1309068.7891368866
168 -6.32083333333334 106.86250000000001 1302166.0152044296
169 35.645833333333336 139.66250000000002 1297795.0721616745
170 -6.17916666666666 106.69583333333333 1289859.0185632706
171 23.904166666666669 90.404166666666697 1287527.9629912376
172 55.862499999999997 37.604166666666657 1287000.9404256046
173 14.595833333333331 121.0958333333333 1286858.9625368118
174 22.545833333333334 114.04583333333335 1282701.3722500801
175 19.512500000000003 -99.0625 1280539.5500116646
176 30.00416666666667 31.279166666666669 1279543.176574111
177 -22.879166666666677 -43.270833333333343 1270567.042514801
178 7.3708333333333229 3.9125000000000227 1270514.5738784075
179 23.170833333333334 79.920833333333348 1269095.0623598099
180 31.337500000000006 121.45416666666665 1268461.8306536674
181 35.74583333333333 51.479166666666657 1266660.7434475422
182 10.945833333333326 -74.795833333333334 1263582.6706703901
183 26.220833333333331 78.179166666666674 1260637.0197479725
184 22.795833333333334 86.204166666666652 1260439.626294136
185 30.529166666666669 114.33750000000003 1260134.8985199928
186 30.195833333333333 71.479166666666686 1259927.9160792828
187 40.654166666666661 109.8458333333333 1259404.2412192822
188 23.370833333333337 85.329166666666708 1250385.6964650154
189 35.737500000000004 139.8125 1248668.623411417
190 6.57083333333334 3.2624999999999886 1238653.3426456451
191 23.145833333333343 113.32916666666665 1237825.6243047714
192 -6.9375 107.67916666666667 1234318.9927873611
193 41.395833333333336 2.1541666666666686 1234287.6975671053
194 36.295833333333334 59.620833333333309 1234283.3913017511
195 55.654166666666669 37.579166666666652 1231962.2832822204
196 35.720833333333331 139.59583333333336 1227722.4672143459
197 31.570833333333333 120.29583333333335 1227606.4111673832
198 10.845833333333331 106.63749999999999 1224712.7584080696
199 10.487499999999997 -66.920833333333334 1224507.1782252789
200 -23.520833333333329 -46.412499999999994 1221683.3448656797
201 26.237500000000004 82.079166666666652 1219518.0069782734
202 39.020833333333329 125.73750000000001 1214829.3518617153
203 31.3125 120.62083333333334 1211432.5180196762
204 35.170833333333327 129.08749999999998 1209968.2058436871
205 30.620833333333337 104.07083333333333 1209149.9890737534
206 23.045833333333334 113.16249999999997 1206565.9033780098
207 -23.662500000000009 -46.629166666666663 1204533.801987648
208 -6.2458333333333229 106.95416666666665 1204187.7581005096
209 -6.2625000000000028 106.79583333333335 1203175.6436605453
210 22.30416666666666 73.179166666666674 1201502.6182169914
211 22.904166666666669 88.387499999999989 1201014.5237698555
212 31.470833333333331 74.379166666666663 1200515.8536727428
213 17.454166666666666 78.520833333333371 1198886.8407897949
214 37.970833333333339 23.729166666666686 1198778.6395602226
215 27.404166666666669 80.137500000000045 1197715.4457371235
216 12.604166666666671 -7.9958333333333371 1196027.0041276217
217 39.962499999999999 32.879166666666663 1192406.1169708967
218 22.287499999999994 70.795833333333348 1189634.3935906887
219 40.195833333333333 29.0625 1184312.3807501793
220 -33.587499999999991 -70.604166666666657 1177346.7620134354
221 36.0625 103.8125 1174198.4222495556
222 -18.870833333333337 47.545833333333348 1172757.8216333389
223 28.745833333333337 77.154166666666697 1171033.3272509575
224 37.579166666666666 126.9375 1169095.1452949047
225 -33.504166666666677 -70.745833333333337 1164554.8354384899
226 22.362499999999997 114.13749999999999 1161804.2213778496
227 13.137499999999989 80.270833333333371 1161716.2364916801
228 28.979166666666664 77.712499999999977 1161361.5335991383
229 -7.2708333333333286 112.74583333333334 1158961.9788599014
230 13.779166666666669 100.5958333333333 1157832.9421687126
231 29.854166666666664 121.55416666666667 1156029.2870354652
232 -8.8958333333333428 13.229166666666686 1154754.4426248074
233 2.0625 45.345833333333331 1152763.9290447235
234 11.545833333333334 104.90416666666664 1149602.1079244614
235 22.55416666666666 113.9041666666667 1148241.7286605835
236 35.74583333333333 51.32916666666668 1146033.4305291176
237 28.662500000000001 77.420833333333348 1144620.4477348328
238 -3.7458333333333371 -38.57916666666668 1141512.142998457
239 55.720833333333331 37.795833333333348 1139802.9128351733
240 40.812500000000007 111.66249999999997 1139471.5457495451
241 -12.1875 -76.970833333333331 1139326.3904192448
242 23.029166666666669 72.529166666666669 1137559.5665192604
243 31.570833333333333 74.387499999999989 1137482.3272898197
244 5.42916666666666 -4.0291666666666686 1132848.5794199705
245 31.954166666666666 35.937499999999972 1132398.3694452047
246 1.3541666666666714 103.73750000000001 1130874.0517520905
247 36.204166666666666 37.154166666666669 1129528.5301631689
248 55.637499999999996 37.720833333333331 1128773.1079424843
249 25.020833333333329 121.5625 1126816.2899985313
250 38.362500000000004 27.145833333333314 1125946.7144249678
251 14.729166666666671 -17.454166666666652 1123139.0792229176
252 -23.579166666666666 -46.512499999999989 1119678.0700036287
253 30.520833333333329 47.804166666666646 1113208.9132375717
254 -11.662500000000009 27.487499999999983 1112306.9224629402
255 10.837499999999991 106.72916666666669 1110471.3236765862
256 16.520833333333329 80.637499999999989 1109433.0482349396
257 -2.1791666666666742 -79.912500000000009 1106623.2338055968
258 -23.57083333333334 -46.645833333333314 1105375.4621852636
259 30.12083333333333 31.179166666666646 1101851.9872084856
260 -2.9791666666666572 104.76249999999999 1093733.1954364777
261 18.55416666666666 73.920833333333348 1091914.32360816
262 22.629166666666663 120.32083333333333 1091297.8438978195
263 11.662500000000009 78.145833333333314 1083122.6259961128
264 19.987499999999997 73.762500000000017 1075104.3065135479
265 25.337500000000006 55.420833333333348 1074943.1087431908
266 19.404166666666669 -98.954166666666666 1072853.3374058306
