1 -6.3291666666666657 106.80416666666667 27718284.455359459 Jakarta
2 28.645833333333336 77.237500000000011 27280974.228760004 Delhi
3 35.695833333333333 139.65416666666664 26522935.51540494 Tokyo
4 31.154166666666669 121.41250000000002 24269827.847768784 Shanghai
5 19.1875 72.9375 23762356.56342411 Mumbai
6 23.829166666666666 90.479166666666629 23156349.185830593 Dhaka
7 30.270833333333336 31.204166666666652 22523430.578213692 Cairo
8 37.462499999999999 126.96249999999998 22250926.850467682 Seoul
9 22.679166666666674 88.362500000000011 21332933.369552135 Kolkata
10 14.5625 121.02916666666664 20695691.162002563 Manila
11 19.495833333333337 -99.07083333333334 20622378.608979762 Mexico City
12 -23.537500000000009 -46.620833333333337 20177185.059564114 Sao Paulo
13 22.5625 114.07083333333333 19915625.998321533 Shenzhen/Hong Kong
14 39.954166666666666 116.42083333333335 19728144.120866299 Beijing
15 22.970833333333331 113.37083333333334 18750687.609016895 Guangzhou
16 55.74583333333333 37.687500000000028 15149406.448636957 Moscow
17 13.80416666666666 100.55416666666667 15047793.131071568 Bangkok
18 41.020833333333336 29.004166666666663 14472558.021708131 Istanbul
19 -34.645833333333329 -58.529166666666669 14168700.532394886 Buenos Aires
20 24.945833333333326 67.104166666666686 13609615.181279182 Karachi
21 34.74583333333333 135.57083333333333 13289460.922513247 Osaka
22 35.712499999999999 51.195833333333326 13169299.130180955 Tehran
23 10.862499999999997 106.67083333333329 12971638.138959885 Ho Chi Minh City
24 6.57083333333334 3.3291666666666515 12960225.972169876 Lagos
25 40.787500000000001 -73.92916666666666 12927197.008293509 New York City
26 12.954166666666666 77.620833333333337 12700519.788515568 Bengaluru
27 31.512500000000003 74.162499999999994 11764418.166597366 Lahore
28 30.745833333333337 103.98750000000001 11715696.743556261 Chengdu
29 -22.787500000000009 -43.304166666666674 11395166.178730369 Rio de Janeiro
30 13.05416666666666 80.087500000000034 11225436.732471943 Chennai
31 -7.0041666666666629 107.73750000000001 11050143.861866951 Bandung
32 48.854166666666664 2.345833333333303 10823408.569420159 Paris
33 51.529166666666661 -0.24583333333333712 10820071.16066768 London
34 23.44583333333334 116.45416666666665 10629043.827059746 Shantou/Chaozhou
35 39.104166666666671 117.39583333333337 10135153.887183428 Tianjin
36 -11.979166666666671 -76.945833333333326 10116032.439605832 Lima
37 25.837500000000006 85.270833333333314 10039232.923294067 Patna?
38 30.837500000000006 31.337499999999977 9878297.1021426916 Tanta/Mansoura?
39 31.737499999999997 120.22916666666669 9687106.6359863281 Changzhou/Wuxi
40 17.462500000000006 78.362500000000011 9686036.897213459 Hyderabad
41 4.7791666666666686 -74.154166666666669 9554684.8557075262 Bogota
42 24.962499999999991 121.50416666666666 9480020.8577671051 Taipei
43 33.954166666666666 -118.09583333333333 9436710.6964807659 Los Angeles
44 30.629166666666663 114.33750000000003 9173078.5669231415 Wuhan
45 30.229166666666664 120.37083333333334 8956636.3455591202 Hangzhou
