1 22.8125 113.71249999999998 57599904.787557602 Guangzhou/Shenzhen/Hong Kong
2 -6.5874999999999915 107.09583333333336 47273360.808681488 Jakarta
3 23.612499999999997 90.604166666666686 46983435.00009203 Dhaka
4 31.379166666666663 121.00416666666666 46546849.147176266 Shanghai
5 30.670833333333334 31.170833333333348 45512188.861790419 Cairo
6 28.829166666666666 77.679166666666674 45424072.03898859 Delhi
7 22.712500000000006 88.354166666666686 43736690.984623432 Kolkata
8 35.929166666666667 139.75416666666666 40090206.786818981 Tokyo
9 25.895833333333343 85.487500000000011 37343853.587021112 Patna
10 39.604166666666671 116.69583333333333 37211819.082708359 Beijing
11 19.037499999999994 73.470833333333331 34042289.734003067
12 14.579166666666666 120.92916666666667 30260462.812752724
13 19.212499999999991 -98.912500000000009 29062841.591435194
14 25.720833333333331 82.520833333333314 28395653.335632563
15 37.295833333333334 127.2791666666667 28298226.020401001
16 31.954166666666666 74.412499999999994 28094535.58667922
17 26.487500000000004 84.070833333333326 27752883.335686684
18 -23.412500000000009 -46.737499999999983 27587877.950699091
19 24.387499999999989 88.9375 24709363.190655708
20 25.662500000000009 87.045833333333348 24541475.890369892
21 31.970833333333339 119.47916666666669 24147874.030173779
22 26.587499999999999 81.045833333333348 23797215.282809258
23 -7.5708333333333258 112.14583333333331 22868620.865886688
24 30.537499999999994 104.24583333333334 21984191.846082211
25 20.779166666666669 105.98749999999995 21846998.540605068
26 25.887500000000003 89.037500000000023 21842807.107665539
27 34.545833333333334 113.22083333333336 21671623.578561544
28 34.920833333333327 136.19583333333333 21544338.798995972
29 28.354166666666671 79.112500000000011 20592108.714311361
30 -7.3125 110.50416666666666 20546132.169048309
31 14.120833333333337 100.49583333333334 20476403.484029293
32 30.070833333333333 120.77083333333331 20176513.931462288
33 10.604166666666657 106.13749999999999 19973334.572764874
34 7.0291666666666686 3.4208333333333201 19939527.982150674
35 22.920833333333334 73.045833333333348 19788077.889963388
36 12.8125 78.0625 19760759.891244411
37 12.954166666666666 79.595833333333303 19700101.331478119
38 25.095833333333331 84.370833333333337 19633650.012228012
39 27.395833333333336 77.879166666666663 19560760.473726749
40 40.470833333333339 -74.570833333333326 19522707.553060561 New York City
