1 22.920833333333334 113.6541666666667 62679058.144536972 Guangzhou/Shenzhen/Hong Kong
2 23.92916666666666 90.429166666666674 56848749.744888306 Dhaka
3 28.679166666666667 77.870833333333337 56254618.658991814 Delhi
4 31.387500000000003 120.77083333333331 55948463.126528263 Shanghai
5 -6.6291666666666771 107.04583333333335 52033693.310847282 Jakarta
6 22.837500000000006 88.379166666666663 51628110.969685078 Kolkata
7 30.6875 31.32916666666668 50846913.448665857 Cairo
8 25.962500000000006 85.429166666666674 49344507.048285484 Patna (northern India)
9 39.362499999999997 116.77083333333331 43570683.947173953 Beijing
10 35.979166666666664 139.71250000000003 42164455.480144262 Tokyo
