1 -6.3291666666666657 106.80416666666667 27718284.455359459
2 28.645833333333336 77.237500000000011 27280974.228760004
3 35.695833333333333 139.65416666666664 26522935.51540494
4 31.154166666666669 121.41250000000002 24269827.847768784
5 19.1875 72.9375 23762356.56342411
6 23.829166666666666 90.479166666666629 23156349.185830593
7 30.270833333333336 31.204166666666652 22523430.578213692
8 37.462499999999999 126.96249999999998 22250926.850467682
9 22.679166666666674 88.362500000000011 21332933.369552135
10 14.5625 121.02916666666664 20695691.162002563
11 19.495833333333337 -99.07083333333334 20622378.608979762
12 -23.537500000000009 -46.620833333333337 20177185.059564114
13 22.5625 114.07083333333333 19915625.998321533
14 39.954166666666666 116.42083333333335 19728144.120866299
15 22.970833333333331 113.37083333333334 18750687.609016895
