1 22.745833333333337 113.70416666666671 54302034.508856297 Guangzhou/Shenzhen/Hong Kong
2 -6.6041666666666714 107.08749999999998 44999229.333903313 Jakarta
3 23.595833333333331 90.654166666666697 44151924.627850533 Dhaka
4 31.379166666666663 120.98750000000001 43708444.624558926 Shanghai
5 30.629166666666663 31.245833333333309 43254438.919194102 Cairo
6 28.837499999999999 77.587500000000034 43213893.535760641 Delhi
7 22.762500000000003 88.345833333333303 41247218.55514431 Kolkata
8 35.920833333333334 139.67916666666667 39004114.839023829 Tokyo
9 39.587500000000006 116.76249999999999 35369885.803745627 Beijing
10 25.995833333333337 85.662500000000023 33283652.704866886 Patna (northern India)
