1 -6.3458333333333456 106.82916666666671 29776733.176125526 Jakarta
2 35.645833333333336 139.69583333333333 29635286.092987537 Tokyo
3 28.6875 77.254166666666663 28927331.524784088 Delhi
4 31.19583333333334 121.33749999999998 25798248.491544247 Shanghai
5 30.320833333333333 31.254166666666663 25176106.254494309 Cairo
6 23.8125 90.412499999999966 25155253.170239925 Dhaka
7 19.195833333333326 73.029166666666669 24422992.287064075 Mumbai
8 22.637500000000003 88.304166666666674 23524593.175953388 Kolkata
9 37.470833333333331 126.94583333333333 23177423.69344759 Seoul
10 22.629166666666663 114.0958333333333 22121515.649585724 Shenzhen/Hong Kong
11 14.537500000000009 121.01249999999999 21930261.734389305 Manila
12 22.970833333333331 113.38750000000005 21486530.376286507 Guangzhou
13 19.537499999999994 -99.054166666666674 21295964.70397684 Mexico City
14 -23.67916666666666 -46.570833333333326 20846393.618662596 Sao Paulo
15 39.987499999999997 116.45416666666665 20657339.65880537 Beijing
16 55.74583333333333 37.604166666666657 15892291.278423384 Moscow
17 13.779166666666669 100.53750000000002 15846401.063846588 Bangkok
18 40.920833333333327 28.995833333333337 14946244.33601892 Istanbul
19 -34.629166666666677 -58.54583333333332 14639882.079507113 Buenos Aires
20 34.762499999999996 135.55416666666667 14418116.653136015 Osaka
21 40.762499999999996 -74.020833333333329 13850899.378549278 New York City
22 24.92916666666666 67.170833333333348 13633959.779701233 Karachi
23 35.62083333333333 51.220833333333331 13479615.258813739
24 10.795833333333334 106.62916666666666 13470327.237243176
25 12.979166666666657 77.662499999999966 13335514.432215214
26 6.7041666666666657 3.3208333333333542 13274793.926411867
27 30.820833333333326 103.99583333333334 13057793.373977423
28 31.512500000000003 74.095833333333331 12560298.012623549
29 -22.795833333333334 -43.32916666666668 12072387.948028684
30 13.070833333333326 79.954166666666708 12044483.274860382
31 25.854166666666671 85.295833333333348 12042488.70052886
32 31.554166666666667 120.61250000000001 11705230.941856861
33 -7.0125000000000028 107.75416666666666 11685252.087154388
34 51.5625 -0.32916666666665151 11653422.207662627
35 23.487500000000011 116.42916666666667 11568519.737348557
36 48.837499999999999 2.3958333333333144 11217348.800919324
37 39.154166666666669 117.38749999999999 11012454.186553717
38 25.420833333333334 82.779166666666697 10648251.641303539
39 30.912499999999994 31.062500000000028 10625274.188910484
40 33.979166666666671 -118.0625 10440478.093609385
41 30.67916666666666 114.17916666666667 10269636.204996109
42 22.82083333333334 72.779166666666669 10220911.893358469
43 -11.954166666666666 -76.870833333333337 10165539.296053648
44 17.387500000000003 78.362500000000011 10161509.574981213
45 30.295833333333334 120.42916666666667 10143887.303552628
46 20.9375 105.94583333333333 10091732.57901907
47 23.170833333333334 91.054166666666674 10022429.132247925
48 24.920833333333334 121.48750000000001 9861113.146627903
49 4.8208333333333258 -74.212499999999991 9723869.1086348295
50 -7.4124999999999943 112.47916666666663 9684604.7347373962
51 34.345833333333331 108.8125 9554593.83411026
52 26.020833333333336 86.037499999999966 9292705.4276137352
53 -26.095833333333331 28.137499999999989 9251108.8541517258
54 24.737499999999997 118.30416666666667 9240554.7116699219
55 32.104166666666664 119.07916666666671 9191191.8626868725
56 31.079166666666666 30.254166666666663 8965864.2025136948
57 26.712499999999999 80.545833333333348 8615261.426910162
58 35.145833333333336 136.86250000000001 8583809.7505397797
59 1.3791666666666629 103.89583333333331 8510913.9069375992
60 34.979166666666664 113.45416666666671 8482202.7940363884
61 32.312499999999993 74.29583333333332 8477535.837569952
62 26.795833333333327 83.604166666666629 8394367.2849304676
63 41.629166666666663 123.6541666666667 8332814.1353777647
64 18.695833333333326 74.037499999999994 8182777.3723826408
65 26.462499999999999 84.512499999999989 8181107.9235534668
66 21.120833333333337 73.012499999999989 8164691.7521009445
67 29.637499999999996 106.28749999999997 8118175.0437583923
68 26.545833333333327 85.454166666666652 8047169.3531672955
69 -7.5875000000000057 110.54583333333335 7977962.2231092453
70 34.0625 71.804166666666646 7924951.4313559532
71 33.537499999999994 44.354166666666686 7890452.5757904053
72 -4.3791666666666629 15.429166666666674 7822787.0730819702
73 3.0791666666666657 101.60416666666669 7680292.2252311707
74 25.604166666666671 82.037500000000023 7679813.0602397919
75 17.045833333333334 96.3125 7646721.0902357101
76 31.454166666666666 73.112500000000011 7639940.1729557514
77 5.9291666666666742 7.0541666666666742 7603141.0103676319
78 27.795833333333334 120.63749999999999 7595985.367169857
79 28.795833333333334 78.837500000000034 7555947.4443361759
80 23.92916666666666 91.045833333333348 7544982.5561280251
81 25.037499999999994 85.195833333333326 7530476.5229687691
82 38.00416666666667 114.8125 7524493.8156533241
83 31.904166666666661 119.92083333333335 7512294.9017755985
84 22.395833333333329 91.945833333333326 7511866.5245881081
85 -8.8208333333333258 13.395833333333314 7486418.7361290455
86 27.337499999999999 78.295833333333292 7370546.9341847897
87 28.079166666666666 112.9375 7356835.4922595024
88 24.387499999999989 88.112500000000011 7350180.8493628502
89 29.262499999999996 77.570833333333326 7330516.359041214
90 51.270833333333336 7.0874999999999773 7272267.8216936886
91 33.862499999999997 73.112500000000011 7238771.1935646534
92 -33.487499999999997 -70.879166666666663 7231999.1515548229
93 24.504166666666663 90.587500000000034 7220418.2905087471
94 24.412499999999994 89.712499999999977 7197946.1966147423
95 23.779166666666669 86.670833333333348 7141121.2548923492
96 15.537499999999994 32.57916666666668 7140394.5675313473
97 11.904166666666669 8.2958333333333201 7072190.1025407314
98 41.829166666666666 -87.962500000000006 7037732.4396427795
99 25.3125 86.854166666666686 7033456.5168943405
100 22.279166666666669 87.637499999999989 6934918.4542531967
101 26.87916666666667 81.304166666666674 6926548.5838565826
102 25.804166666666674 84.512499999999989 6919752.6889419556
103 25.604166666666671 89.304166666666674 6797682.9195141792
104 25.5625 87.762499999999989 6738373.4682583809
105 23.337500000000006 88.337500000000034 6705481.0922317505
106 26.487500000000004 82.295833333333348 6702510.4097898006
107 25.337500000000006 85.90416666666664 6669772.5564050674
108 26.162500000000001 83.012499999999989 6646257.9055571556
109 -1.1208333333333371 36.912500000000023 6604040.6190667152
110 11.045833333333334 76.045833333333348 6577102.7492337227
111 36.220833333333331 120.10416666666669 6557415.1315231323
112 29.970833333333339 121.3125 6458374.8656992912
113 31.99583333333333 34.987499999999983 6383370.4872647524
114 22.387500000000003 113.27083333333337 6372340.6792526245
115 24.720833333333331 46.679166666666674 6341036.8965592384
116 40.462499999999999 -3.7041666666666799 6331891.2284409702
117 22.829166666666666 89.195833333333326 6317409.8716444969
118 45.620833333333337 9.2625000000000171 6314838.827560693
119 23.870833333333337 89.120833333333337 6234449.6119008064
120 36.354166666666671 114.5625 6228820.5976405144
121 28.1875 78.120833333333337 6219217.9044992924
122 36.479166666666671 117.25416666666666 6214374.3232402802
123 7.0125000000000028 80.095833333333303 6179071.4532370567
124 28.4375 79.487500000000011 6172737.677243948
125 45.645833333333336 126.54583333333335 6132889.745680809
126 23.137500000000003 114.0958333333333 6112377.678686142
127 30.037500000000001 77.845833333333303 6107590.9376676083
128 27.062500000000007 82.879166666666663 6079024.2898623943
129 -6.8458333333333314 39.012499999999989 6070593.6156673431
130 37.645833333333336 112.35416666666669 6070541.6274192333
131 25.954166666666666 86.8125 6021877.5990896225
132 29.25416666666667 30.945833333333354 5997888.2933915854
133 30.895833333333329 31.712500000000006 5983778.7518514395
134 27.629166666666663 79.837500000000034 5974558.7149302959
135 53.570833333333333 -1.8624999999999829 5966761.1264231652
136 25.012500000000003 89.654166666666697 5965267.1557569504
137 4.8958333333333286 7.3291666666666799 5874814.0167241096
138 -6.94583333333334 110.6541666666667 5870266.675538063
139 36.512500000000003 3.0625 5866140.7977039814
140 25.837500000000006 83.729166666666686 5861521.2257335186
141 52.104166666666664 4.7125000000000057 5857533.485333316
142 35.37916666666667 129.01249999999999 5841480.3420157433
143 9.7874999999999943 76.47083333333336 5840623.8227000237
144 24.795833333333334 91.820833333333326 5817909.121617794
145 -7.1124999999999972 109.26249999999999 5816338.1304283142
146 43.712499999999999 -79.462499999999991 5811931.2972099483
147 32.229166666666664 35.904166666666669 5793719.3216332197
148 27.045833333333334 75.987500000000011 5780906.4373092651
149 34.779166666666661 69.27916666666664 5768055.3632948399
150 25.145833333333329 84.304166666666674 5731817.0304775238
151 24.545833333333334 88.879166666666663 5725624.4124140739
152 -7.0374999999999943 108.40416666666664 5723441.9843864441
153 30.520833333333329 76.512499999999989 5709284.3224964142
154 31.712499999999999 117.12083333333334 5707798.5794813633
155 28.429166666666674 115.87916666666666 5683737.7613964081
156 27.37916666666667 81.795833333333348 5677095.1267435551
157 10.887500000000003 77.22083333333336 5640814.9288578033
158 25.787500000000009 119.30416666666667 5591053.4010519981
159 -7.9625000000000057 112.3125 5555741.6634407043
160 29.945833333333333 71.537499999999994 5536936.5027329922
161 20.537500000000009 -103.40416666666667 5492406.8524252772
162 59.837500000000006 30.395833333333343 5486014.3907250892
163 26.262499999999996 88.9375 5481570.9447672367
164 5.7874999999999943 -0.32083333333332575 5479559.9668838978
165 33.920833333333334 113.57083333333333 5474329.3950388432
166 31.1875 75.879166666666691 5467820.6567559242
167 11.462500000000006 77.929166666666674 5438143.6209497452
168 25.6875 -100.27083333333333 5436163.2288243026
169 26.395833333333336 87.379166666666663 5421905.5815346241
170 25.904166666666669 81.1875 5404459.3023438454
171 34.579166666666666 112.67916666666667 5394522.1159710884
172 25.170833333333334 55.337500000000006 5384474.8474576473
173 22.995833333333337 90.195833333333326 5366157.3044204712
174 20.329166666666666 86.120833333333337 5325910.4702796936
175 -19.762499999999989 -44.129166666666663 5323217.2281913757
176 22.870833333333337 75.770833333333314 5309395.1896226406
177 10.354166666666657 -66.837499999999991 5301686.142283082
178 -6.2791666666666686 106.16250000000002 5292414.0122671127
179 38.837499999999999 125.6541666666667 5233824.9354009628
180 34.220833333333331 116.83749999999998 5223167.0222108364
181 32.912500000000001 -96.94583333333334 5220650.5074373782
182 3.6375000000000028 98.670833333333348 5189012.0412874222
183 29.804166666666667 -95.420833333333334 5178506.5170058757
184 52.612500000000004 -1.6374999999999886 5167697.728513252
185 16.737499999999997 74.395833333333343 5162064.7371504307
186 -6.5208333333333286 107.26249999999999 5160177.6989774704
187 38.612499999999997 115.32083333333333 5137127.2243779898
188 36.870833333333337 118.15416666666664 5118421.4580144882
189 39.9375 32.79583333333332 5098989.2553977966
190 0.41250000000000853 32.587500000000006 5085258.2328407764
191 30.837500000000006 120.78750000000002 5067212.1255297661
192 27.620833333333337 80.870833333333337 5036113.8489363194
193 35.520833333333336 116.59583333333336 5026126.9826891422
194 8.8375000000000057 38.645833333333343 5024394.6151232719
195 39.070833333333326 -76.929166666666674 5023887.1341996342
196 33.4375 -7.4874999999999829 5015317.2742049694
197 41.487499999999997 1.9958333333333371 5009079.2583586574
198 15.19583333333334 120.7791666666667 5007941.371764183
199 16.795833333333334 81.945833333333326 4982470.3943352699
200 5.4625000000000057 -3.8875000000000171 4970062.3867111206
201 7.5874999999999915 4.1125000000000114 4965266.368535161
202 8.7708333333333286 76.845833333333303 4942194.4540495872
203 16.345833333333331 80.6875 4931080.4324145317
204 20.629166666666677 106.42916666666667 4922973.8371481895
205 21.520833333333329 39.487500000000011 4881532.0234501362
206 25.029166666666669 88.204166666666652 4878092.4782304764
207 31.920833333333327 75.062499999999972 4859702.2041292191
208 23.995833333333337 120.61250000000001 4819063.7892003059
209 26.904166666666661 84.770833333333314 4811181.1489708424
210 40.045833333333334 -75.129166666666663 4799782.3739582896
211 14.69583333333334 -17.154166666666669 4789544.2360385656
212 33.929166666666674 74.870833333333337 4785252.2936856747
213 28.387500000000003 121.22916666666669 4773990.7170238495
214 24.945833333333326 102.82916666666665 4761348.000603199
215 43.645833333333336 125.22083333333336 4755683.4262737036
216 22.020833333333329 88.254166666666663 4736100.9880051613
217 21.487499999999997 110.62083333333334 4719981.7634110451
218 23.412500000000009 89.662499999999966 4708774.7883019447
219 37.5625 -122.11250000000001 4707965.0201467499
220 14.537500000000009 -90.729166666666671 4706091.8746407032
221 27.6875 85.195833333333326 4700960.0747673512
222 40.920833333333327 14.495833333333337 4691886.1082561612
223 27.837499999999991 78.854166666666686 4690503.321169138
224 51.012500000000003 4.2458333333333371 4680388.3542099223
225 37.020833333333329 114.77083333333331 4675802.7701318264
226 22.845833333333331 120.35416666666669 4669891.2589054108
227 21.045833333333334 81.620833333333337 4663746.109875679
228 34.904166666666661 118.3125 4629865.8122107983
229 18.504166666666663 -69.970833333333331 4629717.8097133636
230 29.187499999999993 119.87916666666666 4616695.7337245941
231 25.420833333333334 68.645833333333314 4600632.5171012878
232 11.912500000000009 79.504166666666663 4595644.2304148674
233 25.712500000000006 88.52916666666664 4588269.0420055389
234 41.145833333333336 69.329166666666652 4575344.7591874599
235 39.712500000000006 118.48750000000001 4494731.4181464911
236 10.029166666666669 77.962499999999977 4487980.1188335419
237 27.537500000000001 77.354166666666686 4484608.4106287956
238 -33.82083333333334 18.6875 4469800.3179934025
239 33.42916666666666 114.96249999999998 4465776.310500145
240 -33.787500000000009 150.94583333333333 4460633.6022787094
241 21.120833333333337 79.129166666666663 4452932.4770674706
242 32.237500000000004 120.62916666666666 4445430.4201617241
243 -8.0625 -35.154166666666669 4438141.2977255583
244 34.862500000000004 117.2208333333333 4431138.4633500576
245 33.595833333333331 130.65416666666664 4421122.059803009
246 13.712499999999991 44.07916666666668 4419544.9822471142
247 36.612499999999997 118.92916666666667 4414097.225174427
248 22.595833333333331 73.304166666666674 4390503.165117979
249 32.587499999999999 119.74583333333334 4386883.0068387985
250 35.512499999999996 115.25416666666666 4381547.0865335464
