10 90.420833333333348 23.762500000000003 10295664.545175076
20 77.195833333333326 28.612499999999997 19537823.806582928
2021 101.30416666666667 27.837499999999991 2088883095.7458091
1020 79.854166666666686 25.079166666666666 1204551593.0530355
520 86.420833333333348 24.395833333333329 545821275.70053029
270 88.137499999999989 24.370833333333323 261101039.02178335
145 89.179166666666674 23.412500000000009 105931067.54072952
82 113.70416666666671 22.829166666666666 58876418.018265247
113 90.212499999999977 23.579166666666666 69985612.308200359
129 90.1875 23.637500000000003 84327008.388202667
121 90.22083333333336 23.69583333333334 77743894.169986248
117 90.212499999999977 23.629166666666663 73994727.981888294
115 90.204166666666708 23.629166666666663 72123192.695048332
116 90.204166666666708 23.629166666666663 73089266.493769646
207 89.320833333333326 23.712500000000006 181857714.47767305
176 89.479166666666629 23.587500000000006 146074110.60696888
191 89.462499999999977 23.670833333333334 164917011.77437401
183 89.537500000000023 23.645833333333343 154971540.32968616
179 89.545833333333292 23.587500000000006 149876407.50640965
177 89.420833333333348 23.645833333333343 147265836.96675158
238 88.995833333333337 24.1875 219149500.3052187
254 88.629166666666663 24.254166666666663 239565763.39731979
246 89.045833333333292 24.1875 228982409.96543694
242 89.012499999999989 24.212499999999991 224480698.48624754
240 88.995833333333337 24.212499999999991 221900863.8852911
239 88.987500000000011 24.170833333333334 220522340.01904106
395 87.620833333333337 24.862499999999997 409878576.8595252
332 87.554166666666674 24.612499999999997 341525887.70902133
301 87.854166666666686 24.612499999999997 304957988.77825022
285 88.012499999999989 24.495833333333323 281256922.40492511
293 87.804166666666674 24.520833333333329 292465389.9746201
297 87.8125 24.604166666666657 299053070.10065651
295 87.762499999999989 24.4375 295759224.30964184
294 87.795833333333348 24.529166666666669 294205184.35786724
363 87.862500000000011 24.604166666666657 374460518.60238338
347 88.1875 24.654166666666669 358058775.36364913
355 88.004166666666663 24.6875 366507248.0067389
359 88.054166666666674 24.654166666666669 370478956.3427794
357 88.045833333333348 24.737499999999997 368446428.52160025
356 87.987500000000011 24.695833333333326 367502991.97832251
457 86.929166666666674 24.387499999999989 478524896.86452293
426 86.8125 24.195833333333326 442368188.3480742
410 87.487500000000011 24.629166666666663 425143377.22236109
418 86.854166666666686 24.329166666666666 432525121.13453889
422 86.787500000000023 24.220833333333331 437337372.42725635
424 86.612500000000011 24.504166666666663 439768223.65965533
425 86.8125 24.1875 441132463.98261452
488 86.395833333333371 24.3125 512503019.60884547
504 86.354166666666686 24.320833333333326 529731300.52203751
496 86.570833333333326 24.470833333333331 522125157.19882345
492 86.520833333333314 24.4375 517343901.70502281
490 86.512499999999989 24.479166666666657 514738592.78616214
489 86.504166666666663 24.495833333333323 513462703.7092793
770 82.962500000000034 24.604166666666657 827721224.78024411
645 85.029166666666697 24.379166666666663 662671422.33645606
582 85.645833333333371 24.479166666666657 607115018.42853117
551 85.529166666666697 24.220833333333331 573904598.47634578
566 85.787499999999966 24.329166666666666 590636581.55597687
558 85.637499999999989 24.270833333333329 581601789.44138241
562 85.670833333333348 24.262499999999989 585546767.58248925
564 85.804166666666674 24.479166666666657 588127066.90818024
563 85.820833333333326 24.454166666666666 586724230.11360216
613 85.395833333333371 24.595833333333331 634750808.97144771
629 85.245833333333337 24.620833333333323 648513830.26412463
637 85.195833333333326 24.695833333333326 655828397.99210858
641 85.129166666666663 24.545833333333334 659368513.08904696
643 85.120833333333337 24.504166666666663 660898755.31418562
644 85.020833333333314 24.379166666666663 661857031.2241199
707 82.804166666666674 25.245833333333337 737691672.64766884
676 84.195833333333326 24.862499999999997 692790805.83179641
691 82.954166666666652 25.420833333333334 714908324.84977102
699 82.737500000000011 25.220833333333331 727347497.81762195
703 82.795833333333348 25.204166666666666 732828546.51382399
705 82.8125 25.212500000000006 735646555.80606222
704 82.8125 25.204166666666666 734264845.17366529
738 83.479166666666686 25.362499999999997 782527131.31677485
754 83.295833333333348 25.0625 804406181.49654388
762 83.370833333333337 25.087500000000006 814538855.38262606
758 83.354166666666629 25.112499999999997 809718934.60988855
756 83.320833333333326 25.079166666666666 806950118.4744761
757 83.329166666666652 25.087500000000006 808369546.87694478
895 80.095833333333303 23.287500000000009 1021088297.2368884
832 82.337499999999977 23.537500000000009 928276686.88404417
801 81.8125 23.645833333333343 875299862.80197263
816 82.512499999999989 23.545833333333334 901717922.61196685
808 82.612500000000011 23.462500000000006 889743717.06387019
804 82.620833333333337 23.462500000000006 881941431.67673469
802 81.829166666666652 23.654166666666669 876888820.59876847
803 82.612500000000011 23.470833333333331 879595026.56001568
863 80.104166666666686 22.804166666666674 977036447.48405051
847 82.262499999999989 23.720833333333331 952989618.58646774
855 82.170833333333348 23.8125 963577770.7125349
851 82.204166666666652 23.745833333333337 957846080.42877293
849 82.229166666666686 23.670833333333334 955475362.44919705
848 82.220833333333303 23.670833333333334 954248114.64527655
957 81.254166666666663 22.504166666666663 1120970639.27356
926 80.845833333333303 22.595833333333331 1064172105.5686285
910 80.295833333333348 23.220833333333331 1042506759.1022379
902 80.179166666666674 23.254166666666677 1030816920.9455209
898 80.495833333333337 22.612499999999997 1025793474.1650248
900 80.162499999999966 23.262500000000003 1028465995.5264692
901 80.170833333333348 23.262500000000003 1029680632.3904474
941 81.304166666666674 23.304166666666674 1085695798.5076549
949 81.304166666666674 22.42916666666666 1099987334.1954837
953 81.27916666666664 22.404166666666669 1112597542.1361766
951 81.270833333333314 22.454166666666666 1106720951.3213532
950 81.295833333333348 22.379166666666663 1103384360.1993997
988 81.254166666666663 23.037500000000009 1163765274.1163771
1004 81.612500000000011 21.887500000000003 1184673689.5224204
996 79.77916666666664 25.170833333333334 1173986928.4073663
1000 81.5625 21.879166666666663 1179099964.3307374
998 79.795833333333348 25.17916666666666 1176586252.371238
997 79.77916666666664 25.17916666666666 1175388961.5785511
1520 78.587500000000034 22.82083333333334 1666484114.7179723
1270 79.445833333333326 24.112499999999997 1502043728.1708422
1145 80.295833333333348 24.462499999999991 1365061441.1412599
1082 80.320833333333326 24.720833333333331 1295069018.0093133
1051 80.4375 25.195833333333326 1256391761.3785937
1035 80.495833333333337 24.92916666666666 1233383429.2522011
1043 80.379166666666663 25.162499999999994 1244742053.1767814
1047 80.429166666666674 25.170833333333334 1250936308.3921018
1045 80.395833333333314 25.162499999999994 1248020455.9081702
1046 80.395833333333314 25.170833333333334 1249446644.8207953
1113 80.395833333333314 24.795833333333334 1332480339.863801
1097 80.337500000000034 24.42916666666666 1313283425.9744782
1105 80.512499999999989 25.012500000000003 1323181864.7025828
1101 80.520833333333371 24.637500000000003 1318160820.4744132
1103 80.504166666666663 24.987499999999997 1320547462.5889192
1104 80.504166666666663 25.004166666666663 1321862229.4155242
1207 80.237500000000011 23.529166666666669 1438097753.2802861
1176 79.712499999999977 23.354166666666671 1405165312.5016904
1160 79.837500000000034 23.19583333333334 1383608511.9379988
1168 79.904166666666697 23.245833333333337 1394856177.4621439
1172 79.679166666666674 23.329166666666666 1399977953.7552853
1170 79.870833333333337 23.270833333333343 1397173890.3528199
1169 79.904166666666697 23.262500000000003 1396122062.3459263
1238 79.145833333333314 23.970833333333331 1472467011.9273934
1222 80.0625 23.670833333333334 1453689561.7416475
1230 79.054166666666674 23.912499999999994 1461498222.1388662
1234 79.104166666666686 23.9375 1466970803.5332987
1236 79.129166666666663 23.9375 1469459848.0330229
1235 79.112500000000011 23.9375 1468205680.6657286
1395 78.620833333333337 23.162500000000009 1602949186.2991366
1332 79.520833333333371 22.295833333333334 1562538336.4279971
1301 79.4375 22.395833333333329 1535673340.4633622
1316 79.504166666666663 22.245833333333337 1550960540.0142741
1308 79.512499999999989 22.42916666666666 1543145341.6620646
1304 79.462499999999977 22.404166666666669 1539148780.5069494
1306 79.445833333333326 22.362499999999997 1541183740.8022027
1307 79.495833333333337 22.420833333333334 1542079290.2988603
1457 78.995833333333337 23.029166666666669 1640343926.4801645
1426 79.020833333333371 23.19583333333334 1623477934.3691912
1410 78.729166666666629 23.0625 1613331978.3941617
1418 78.870833333333337 23.137500000000003 1618457146.0296569
1414 78.829166666666652 23.154166666666669 1615915667.4503553
1416 78.895833333333314 23.19583333333334 1617224148.5573888
1415 78.8125 23.104166666666671 1616614909.2890265
1770 83.495833333333337 22.362499999999997 1772045401.4167323
1645 81.770833333333314 22.504166666666663 1729422062.295948
1582 81.245833333333337 22.94583333333334 1694726287.2788928
1551 81.112500000000011 23.170833333333334 1679866912.6608829
1566 81.179166666666674 23.104166666666671 1687120034.8420689
1574 81.229166666666686 23.020833333333343 1690939566.4605632
1570 81.112500000000011 23.029166666666669 1688884068.1098409
1572 81.129166666666663 23.020833333333343 1689849345.7065413
1571 81.120833333333337 23.020833333333343 1689364446.5871544
1707 81.362500000000011 22.145833333333329 1754301235.2119133
1738 81.304166666666674 22.279166666666669 1761436921.304594
1754 80.862500000000011 22.595833333333331 1767508143.9429848
1746 80.770833333333371 22.595833333333331 1764147450.9408896
1742 81.087499999999977 22.30416666666666 1762034907.7585669
1744 80.8125 22.645833333333329 1762916399.8513041
1745 80.787500000000023 22.612499999999997 1763498519.9822955
1895 102.75416666666666 27.362499999999997 1928116714.9779148
1832 102.70416666666671 29.395833333333336 1829944067.8653107
1863 103.27916666666664 27.25416666666667 1874971816.635839
1847 103.01249999999999 28.07083333333334 1851421135.1970243
1839 102.98750000000001 28.512500000000003 1839172373.5457361
1835 102.72083333333336 29.154166666666661 1833704135.077395
1837 102.67916666666667 29.170833333333327 1836405625.7226839
1838 103.01249999999999 28.504166666666663 1837796062.0186129
1879 102.98750000000001 27.345833333333331 1903014410.9563992
1887 102.85416666666669 27.37083333333333 1915602597.7621653
1883 102.95416666666665 27.37083333333333 1909284479.7759063
1885 102.88749999999999 27.37083333333333 1912336479.3504443
1884 102.89583333333331 27.37083333333333 1910802033.0728521
1958 102.20416666666671 27.354166666666664 2010003333.4994857
1926 102.47083333333336 27.412500000000001 1970135052.8134377
1942 102.29583333333335 27.3125 1990199231.9837146
1934 102.42083333333335 27.354166666666664 1978600833.036283
1938 102.26249999999999 27.362499999999997 1983613976.3149359
1936 102.38750000000005 27.37083333333333 1980665093.5529065
1937 102.26249999999999 27.420833333333334 1981737998.0730548
1989 101.86250000000001 27.579166666666666 2048296297.3429365
2005 101.67916666666667 27.670833333333334 2069410688.1825035
1997 101.73750000000001 27.612499999999997 2059788282.2487254
1993 101.79583333333335 27.604166666666664 2053626499.6310349
1995 101.72083333333336 27.645833333333329 2056548277.7621453
1996 101.72916666666663 27.620833333333337 2058213632.7993953
11029 18.270833333333314 41.570833333333333 7169194742.3857431
6525 61.895833333333343 22.237499999999997 5812944147.6612968
4273 97.9375 26.020833333333336 4078300839.8091283
3147 98.245833333333337 28.537500000000001 3606317612.7234406
2584 96.09583333333336 25.69583333333334 3102517453.6559939
2302 97.779166666666697 29.204166666666666 2553356327.4312758
2161 99.27916666666664 28.945833333333333 2302201611.3435674
2091 100.39583333333331 28.162499999999994 2183975697.2663169
2056 100.9375 27.9375 2135721676.1668556
2038 101.3458333333333 27.779166666666669 2111123662.3981869
2047 101.25416666666666 27.80416666666666 2121831576.1825936
2051 100.9041666666667 28.004166666666663 2128210192.6771834
2053 100.92083333333335 27.945833333333326 2131624758.8377876
2052 100.91249999999997 27.962500000000006 2129928300.2105474
2126 98.545833333333348 30.762500000000003 2236401427.9029684
2108 98.645833333333314 30.895833333333329 2209833095.5994029
2099 100.20416666666665 28.229166666666671 2195840114.3629417
2103 100.23750000000001 28.204166666666666 2202047610.9921131
2105 100.26249999999999 28.204166666666666 2205102982.1125312
2104 100.24583333333334 28.220833333333331 2203539975.3611689
2143 99.012499999999989 31.120833333333337 2269833444.4782505
2152 99.120833333333337 30.12916666666667 2288045826.0727396
2147 99.079166666666652 30.495833333333337 2278004080.3938985
2145 99.087499999999977 30.4375 2274312927.9450445
2146 99.087499999999977 30.470833333333331 2276302966.3406549
2231 98.570833333333326 28.970833333333331 2418715039.7478328
2196 99.212499999999977 28.495833333333337 2367094501.1224236
2178 99.22083333333336 28.587500000000006 2336241327.3253126
2187 99.254166666666663 28.204166666666666 2352106620.8646898
2182 99.145833333333314 28.554166666666667 2342713444.3986459
2184 99.145833333333314 28.57083333333334 2346461561.0565615
2185 99.270833333333314 28.07083333333334 2348390417.9591117
2186 99.27916666666664 28.0625 2350299374.3410611
2266 97.054166666666674 28.412500000000009 2480760250.2592402
2248 98.387499999999989 28.9375 2446404472.86482
2239 98.445833333333326 29.00416666666667 2431022885.2960906
2235 98.537500000000023 28.87083333333333 2424429189.1951623
2233 98.579166666666652 28.987500000000004 2421602986.608799
2234 98.554166666666674 28.987500000000004 2422997125.5236588
2284 97.104166666666686 28.6875 2516595187.0574017
2275 96.979166666666686 28.654166666666669 2498407092.7616544
2270 96.954166666666652 28.654166666666669 2489052975.3960009
2272 96.970833333333303 28.637500000000003 2493207941.1268854
2273 96.962500000000034 28.662500000000001 2495040444.0216146
2274 96.962500000000034 28.654166666666669 2496807324.811265
2443 94.887499999999989 27.545833333333334 2837683974.4413476
2372 97.020833333333314 29.454166666666673 2689198847.2646127
2337 97.254166666666663 29.412500000000001 2622091259.6901097
2319 96.979166666666686 29.362500000000004 2587251687.8176756
2310 97.704166666666652 29.204166666666666 2568720531.1760354
2314 96.737500000000011 28.962499999999999 2576739750.9010296
2312 96.745833333333337 28.979166666666664 2572883561.2827272
2311 96.754166666666663 29.020833333333336 2570636634.9842525
2354 97.09583333333336 29.62916666666667 2656795368.4135761
2345 97.254166666666663 29.395833333333336 2640826243.6495647
2349 97.270833333333314 29.412500000000001 2648004191.559207
2347 97.287499999999966 29.429166666666667 2644659062.6465116
2346 97.287499999999966 29.420833333333327 2642848142.4974036
2407 95.520833333333314 28.737499999999997 2760387895.8424711
2389 95.604166666666629 28.545833333333334 2724353347.0441718
2380 95.512499999999989 28.545833333333334 2704007165.6545424
2384 95.512499999999989 28.662500000000001 2712786892.1203489
2386 95.579166666666708 28.495833333333337 2717341465.3332558
2387 95.612500000000011 28.604166666666671 2719478956.4686246
2425 95.912500000000023 28.987500000000004 2792813674.2391806
2416 95.712500000000034 28.779166666666669 2775905767.6713982
2420 95.587499999999977 29.279166666666661 2782947560.750021
2422 95.645833333333371 28.795833333333334 2786477015.3712406
2423 95.90416666666664 29.012499999999996 2788459379.1615686
2424 95.912500000000023 28.99583333333333 2790754551.5230136
2513 96.0625 27.279166666666669 2980294444.3079004
2478 95.429166666666674 27.12916666666667 2913257884.9298501
2460 95.245833333333337 27.079166666666673 2875223347.0286403
2451 95.045833333333348 27.24583333333333 2853375218.9479151
2455 95.229166666666686 27.037500000000001 2861975086.6925316
2457 95.254166666666663 27.029166666666661 2867400006.3742876
2456 95.245833333333337 27.020833333333336 2864755865.9022121
2495 95.479166666666686 27.337499999999999 2946772988.4970198
2486 95.504166666666663 27.00416666666667 2931398573.3969097
2490 95.487500000000011 27.012499999999996 2938467598.8124566
2492 95.4375 27.329166666666666 2941551040.4159818
2491 95.487500000000011 27.029166666666661 2939922771.2968297
2548 96.195833333333326 26.395833333333336 3053885881.2818279
2530 95.945833333333326 27.104166666666664 3025967924.7024407
2521 96.004166666666663 26.929166666666667 3003377335.940897
2525 95.962500000000034 27.054166666666667 3015081934.9406428
2523 95.979166666666686 26.970833333333339 3009824274.4166846
2524 95.962500000000034 27.020833333333336 3012483712.5082045
2566 96.004166666666663 26.470833333333339 3080093126.1293178
2575 95.920833333333348 26.520833333333336 3089476679.732141
2570 95.962500000000034 26.470833333333339 3084827370.2649541
2572 95.962500000000034 26.462499999999999 3086884770.8366933
2571 95.954166666666652 26.487500000000004 3085952568.7795539
2865 96.679166666666674 26.195833333333333 3363873696.4911556
2724 94.479166666666686 26.470833333333339 3277034024.0442252
2654 95.112500000000011 26.229166666666664 3199538868.8703527
2619 95.59583333333336 25.520833333333329 3149607684.4336653
2636 95.529166666666697 25.762500000000003 3172355791.6779914
2627 95.645833333333371 25.629166666666663 3161518342.0234036
2623 95.495833333333337 25.69583333333334 3155227958.4635143
2625 95.629166666666663 25.69583333333334 3158460607.9987531
2626 95.554166666666674 25.8125 3159898484.2836275
2689 94.787499999999966 26.287500000000001 3249441127.4259777
2671 94.979166666666686 26.145833333333336 3230107712.5493479
2680 94.887499999999989 26.220833333333331 3241270773.3588443
2675 94.9375 26.220833333333331 3235342430.3358521
2673 94.954166666666652 26.162500000000001 3232914063.2584801
2672 94.962500000000034 26.170833333333334 3231574621.4342208
2794 94.4375 27.24583333333333 3325712482.0445547
2759 94.387499999999989 26.87916666666667 3307698940.376986
2741 94.270833333333314 26.712499999999999 3297141500.2782068
2750 94.362500000000011 26.820833333333333 3302743605.5292492
2754 94.379166666666663 26.87083333333333 3305303907.182272
2756 94.370833333333337 26.887499999999996 3306485910.5840139
2755 94.379166666666663 26.895833333333336 3305923109.4714737
3006 96.954166666666652 27.987499999999997 3493816833.8811522
2935 96.34583333333336 27.470833333333331 3411008825.9216251
2900 96.979166666666686 26.337499999999999 3383698169.1618176
2882 96.895833333333371 26.162500000000001 3374581971.3900275
2891 96.8125 26.204166666666666 3379453394.9221025
2886 96.84583333333336 26.179166666666667 3376880997.7383885
2888 96.854166666666686 26.1875 3378006420.5363011
2889 96.84583333333336 26.195833333333333 3378456550.4166508
2890 96.804166666666674 26.195833333333333 3378976186.6978884
2970 97.779166666666697 27.404166666666669 3453840068.563262
2952 97.354166666666686 28.412500000000009 3432392816.039917
2961 97.862500000000011 27.404166666666669 3442377819.8167553
2965 97.779166666666697 27.429166666666667 3448122610.6411862
2967 97.754166666666663 27.429166666666667 3450612964.1543269
2968 97.754166666666663 27.4375 3451672691.345118
2969 97.770833333333314 27.412500000000001 3452708170.4850707
3076 97.670833333333348 28.045833333333334 3553927988.5693293
3041 97.304166666666674 28.004166666666663 3525082207.9850488
3058 97.487500000000011 28.012500000000003 3541301642.2789116
3049 97.395833333333371 28.079166666666666 3532390065.5664062
3045 97.362500000000011 28.079166666666666 3527838807.2435966
3043 97.287499999999966 28.004166666666663 3526550719.4097896
3042 97.295833333333348 28.012500000000003 3525831005.0011544
3111 97.820833333333326 28.387500000000003 3577540828.0031576
3129 98.170833333333348 28.295833333333334 3589241930.3897781
3138 98.262499999999989 28.662500000000001 3597523300.1821108
3142 98.229166666666686 28.545833333333334 3601398042.7267947
3140 98.270833333333314 28.637500000000003 3599298972.2303548
3141 98.229166666666686 28.5625 3600131254.5635586
3710 103.67916666666667 24.354166666666657 3968053073.0518579
3428 103.62916666666666 22.1875 3746275270.2783728
3287 99.787500000000023 28.729166666666671 3676451611.7612581
3217 99.012499999999989 28.612499999999997 3644760004.2832375
3252 99.429166666666674 28.370833333333337 3662640530.6564455
3269 99.595833333333303 28.462500000000006 3668867183.7139745
3278 99.654166666666697 28.629166666666663 3672299975.6121449
3282 99.762499999999989 28.679166666666667 3673964173.4724054
3280 99.712499999999977 28.720833333333331 3673010344.2136612
3281 99.712499999999977 28.6875 3673467997.2232075
3569 101.92916666666667 22.42916666666666 3859295637.0386653
3498 101.17083333333335 22.129166666666663 3801200306.1068287
3463 100.62916666666666 21.387500000000003 3773353869.3239536
3445 103.45416666666665 22.254166666666663 3759665574.3179765
3436 103.58749999999998 22.212499999999991 3753000783.119422
3432 103.64583333333331 22.204166666666666 3749871562.3379164
3430 103.64583333333331 22.220833333333331 3748231463.048173
3429 103.66250000000002 22.220833333333331 3747254461.2057137
3533 102.24583333333334 22.595833333333331 3829724540.8296332
3515 102.4041666666667 22.604166666666671 3818284183.5555172
3524 102.30416666666667 22.654166666666669 3824829030.9360538
3519 102.32083333333333 22.637500000000003 3821164215.5489411
3517 102.4041666666667 22.620833333333337 3819651384.7753539
3518 102.3458333333333 22.637500000000003 3820316589.3693604
3639 104.40416666666664 24.170833333333334 3908912222.7986088
3604 102.38750000000005 23.3125 3881843683.295805
3621 102.50416666666666 22.979166666666671 3893350952.2318501
3630 104.65416666666664 24.17916666666666 3899836395.2111173
3625 102.54583333333335 23.054166666666674 3895495740.1241531
3623 102.49583333333334 22.962500000000006 3894449695.8521094
3622 102.49583333333334 22.954166666666666 3893954383.2814317
3674 104.22916666666669 24.145833333333329 3936789221.0670681
3692 103.57083333333333 24.595833333333331 3950575756.4518747
3701 103.60416666666669 24.254166666666663 3959017947.9891467
3705 103.63749999999999 24.30416666666666 3963128054.3034048
3707 103.66250000000002 24.329166666666666 3965255384.7965593
3708 103.67916666666667 24.354166666666657 3966256793.0499616
3709 103.67916666666667 24.354166666666657 3967201867.2495503
3991 103.52916666666664 25.045833333333334 4039740852.694334
4132 101.17083333333335 25.5625 4058301894.46099
4061 102.51249999999999 25.362499999999997 4048450084.1241679
4026 103.10416666666669 25.05416666666666 4043596446.1511202
4008 103.36250000000001 24.995833333333337 4041449602.8128819
3999 103.4041666666667 25.079166666666666 4040647224.6384201
3995 103.51249999999999 25.05416666666666 4040196094.7430382
3997 103.46249999999998 25.070833333333326 4040389449.7814083
3998 103.42916666666667 25.079166666666666 4040517732.428854
5399 65.895833333333343 38.029166666666661 4915644572.8249702
4836 70.262499999999989 42.520833333333329 4456339423.8074112
4554 76.945833333333326 41.462499999999999 4262870990.7684603
4413 77.337500000000034 39.162499999999994 4159283242.2145228
4343 95.962500000000034 27.512500000000003 4104627166.7925625
4378 77.845833333333303 39.154166666666669 4131895745.1889133
4360 77.854166666666686 38.970833333333331 4116552820.9083686
4351 96.045833333333348 27.504166666666663 4107108017.2411628
4355 77.745833333333337 39.045833333333334 4109271984.6081266
4357 77.829166666666652 38.979166666666671 4112323872.2182155
4358 77.829166666666652 38.962499999999999 4113868936.761518
4359 77.829166666666652 38.962499999999999 4115253454.5203352
4483 77.379166666666663 40.637499999999996 4211072653.2921062
4448 77.070833333333326 39.970833333333331 4191202368.3526115
4430 77.070833333333326 38.262499999999996 4175063992.1542206
4439 77.087500000000034 39.887500000000003 4182481714.1548476
4443 77.095833333333303 39.920833333333334 4187309811.9026566
4445 77.104166666666686 39.979166666666671 4189051635.9921784
4444 77.104166666666686 39.945833333333333 4188242155.9779029
4518 77.445833333333326 41.354166666666664 4236342231.6913934
4536 77.154166666666697 41.454166666666666 4250052569.8442936
4545 77.012499999999989 41.587499999999999 4256529383.0030251
4549 76.979166666666629 41.470833333333331 4259451851.0844221
4551 76.97083333333336 41.445833333333333 4260982540.1912689
4550 76.987500000000011 41.445833333333333 4260280492.1191034
4695 73.837499999999977 36.470833333333331 4339178541.7734098
4624 76.104166666666686 41.612499999999997 4295625181.8022671
4659 74.470833333333303 38.4375 4317736548.8597689
4677 74.32916666666668 38.537500000000001 4328422047.8353405
4686 74.204166666666652 38.820833333333333 4333931204.1833763
4690 74.15416666666664 38.8125 4335985926.0300407
4688 74.1875 38.862499999999997 4335003259.1453705
4687 74.195833333333326 38.837499999999999 4334491488.9282312
4765 73.462500000000006 36.920833333333334 4395758983.9682617
4800 70.620833333333309 42.862499999999997 4421390769.0858459
4782 73.07916666666668 38.762500000000003 4407986415.598671
4773 73.129166666666663 38.879166666666663 4401310204.1707945
4777 73.070833333333326 38.770833333333329 4404415671.1127319
4779 73.045833333333348 38.754166666666663 4405941090.0869741
4780 73.037499999999994 38.762500000000003 4406625186.2620258
4781 73.037499999999994 38.779166666666669 4407273527.6602116
5117 69.679166666666674 42.670833333333334 4691669979.4795694
4976 69.754166666666691 40.687499999999993 4593549411.0924015
4906 69.879166666666663 40.1875 4533479779.4006557
4871 70.354166666666657 39.970833333333331 4487605053.8477554
4853 70.037499999999994 42.604166666666671 4469985903.8444862
4862 70.720833333333331 39.204166666666666 4478195836.4971085
4866 70.437500000000028 39.854166666666671 4482068554.9707699
4864 70.695833333333326 39.220833333333331 4480031259.3638306
4865 70.695833333333326 39.229166666666671 4480837769.762413
4941 70.120833333333309 40.49583333333333 4565746762.5003128
4923 70.079166666666652 40.229166666666664 4549939500.5580463
4932 70.262499999999989 40.304166666666667 4557175516.7465715
4927 70.045833333333348 40.25416666666667 4553037721.0534344
4929 70.02916666666664 40.295833333333334 4554549620.0200367
4930 70.037499999999994 40.304166666666667 4555332349.9282217
5046 70.270833333333343 41.12916666666667 4646095501.1258783
5011 70.570833333333354 40.954166666666673 4621774670.691124
5028 70.395833333333314 40.895833333333336 4635008267.8646116
5019 70.512499999999989 40.945833333333333 4628265971.4591713
5015 70.520833333333343 40.970833333333339 4625039944.7041245
5017 70.504166666666691 40.970833333333339 4626835666.5129328
5018 70.512499999999989 40.954166666666673 4627584889.8639565
5258 68.112500000000011 42.279166666666669 4801897807.0863514
5187 68.712499999999977 43.287500000000001 4758129214.6913376
5152 69.179166666666674 43.12916666666667 4728619387.5736465
5134 69.3125 43.462499999999999 4709443786.7337914
5125 69.445833333333326 43.579166666666673 4698755565.1768999
5129 69.387500000000017 43.512499999999996 4703612418.0110273
5127 69.395833333333314 43.50416666666667 4701152972.4971972
5128 69.395833333333314 43.512499999999996 4702495857.662468
5222 68.395833333333314 42.845833333333331 4782598140.7434406
5204 68.554166666666646 43.079166666666666 4770963386.245369
5213 68.462499999999977 42.970833333333331 4776970693.1134529
5208 68.495833333333337 43.095833333333331 4773515442.5971909
5210 68.495833333333337 42.962499999999999 4775080736.2721205
5209 68.487499999999983 42.954166666666666 4774315530.4273338
5328 65.054166666666674 39.112499999999997 4852573199.6494064
5293 67.587500000000006 42.362499999999997 4821594406.4166298
5310 67.370833333333337 42.304166666666674 4833212447.7341251
5319 65.304166666666674 38.804166666666667 4843634531.7832289
5323 65.279166666666669 38.787500000000001 4847375759.2343693
5325 65.245833333333309 38.837499999999999 4848960656.961134
5324 65.279166666666669 38.779166666666669 4848160845.6893291
5962 58.862500000000011 32.479166666666664 5306171475.7546043
5680 63.279166666666669 35.50416666666667 5115128304.5514269
5539 64.962500000000006 35.712499999999999 5023297482.5889339
5469 65.404166666666697 37.462499999999999 4964448299.5418758
5434 65.512500000000017 38.095833333333339 4944365839.6421661
5416 65.679166666666646 38.4375 4929426022.8712654
5407 65.812500000000028 37.970833333333339 4921781526.6916981
5411 65.745833333333366 38.295833333333334 4924715758.6466446
5409 65.787500000000023 38.012499999999996 4923411933.6842585
5408 65.79583333333332 38.00416666666667 4922620078.1759071
5504 64.962500000000006 36.454166666666666 4994325220.9300003
5521 65.087499999999977 35.654166666666669 5005887570.2543926
5512 64.920833333333348 36.387500000000003 4999915092.4150476
5508 64.945833333333354 36.404166666666669 4997127150.7709742
5506 64.962500000000006 36.454166666666666 4995832929.3043661
5505 64.97083333333336 36.445833333333326 4995162379.0557594
5609 64.1875 35.512499999999996 5071741664.4655285
5574 64.504166666666663 35.712499999999999 5047150703.7396698
5591 64.32916666666668 35.75416666666667 5058429325.9708376
5600 64.15416666666664 35.637499999999996 5065468946.4486599
5604 64.095833333333331 35.662500000000001 5068623885.8854218
5606 64.104166666666686 35.654166666666669 5070068296.9853306
5605 64.104166666666686 35.662500000000001 5069395191.9109707
5821 61.870833333333337 35.12083333333333 5188508916.8764668
5750 62.404166666666669 35.662500000000001 5150327063.78162
5715 62.729166666666657 35.845833333333331 5133115107.0532255
5732 62.737500000000011 35.770833333333336 5142306569.5935001
5741 62.704166666666652 35.62083333333333 5145930488.3907299
5736 62.645833333333343 35.612500000000004 5143922778.8103056
5734 62.737500000000011 35.737500000000004 5143051208.8268909
5733 62.737500000000011 35.729166666666664 5142672052.6838245
5891 59.770833333333343 31.220833333333331 5242049967.0377483
5856 61.470833333333331 35.070833333333333 5207600915.1588268
5873 59.962499999999977 31.204166666666666 5222513647.3813019
5864 60.162500000000023 31.112499999999997 5212965033.5150805
5868 59.945833333333326 31.279166666666669 5217027624.5358725
5866 60.120833333333366 31.104166666666671 5214736126.9763184
5867 60.112500000000011 31.112499999999997 5215724881.842927
5926 58.787499999999994 32.49583333333333 5276249582.4062958
5944 58.887500000000017 32.687500000000007 5292753447.5986652
5935 58.937499999999972 32.437500000000007 5284609034.5306292
5939 58.84583333333336 32.612500000000004 5288433223.0416527
5941 58.837500000000006 32.645833333333336 5290164314.3622608
5940 58.829166666666652 32.654166666666661 5289320618.8275604
6243 62.095833333333331 25.587500000000006 5576907579.8240719
6102 63.595833333333331 27.062500000000007 5448244742.7812996
6032 57.737499999999983 31.904166666666661 5378895651.5850582
5997 64.912499999999994 29.212499999999999 5341043575.1523132
6014 64.82916666666668 28.762500000000003 5357581708.3948374
6023 57.745833333333337 31.87916666666667 5369298107.1531792
6018 64.770833333333314 28.845833333333331 5362270648.5755119
6020 57.695833333333326 31.862500000000004 5364738545.105402
6019 64.770833333333314 28.854166666666664 5363377693.9987669
6067 64.429166666666646 28.345833333333331 5413105070.0923176
6084 64.32916666666668 28.345833333333331 5429914552.3050232
6093 64.012500000000017 27.970833333333331 5438291816.4605751
6088 64.012500000000017 27.887500000000003 5433748281.5316839
6090 64.037500000000023 27.979166666666671 5435527808.6682243
6091 64.029166666666669 27.954166666666666 5436524190.3169765
6172 63.679166666666646 27.595833333333331 5515847331.8291035
6137 63.637499999999989 27.237500000000004 5486035768.3997555
6154 63.504166666666663 27.479166666666664 5501307079.1660309
6163 63.729166666666657 27.67916666666666 5508172833.1013136
6167 63.712500000000006 27.645833333333329 5511529345.3751812
6165 63.712500000000006 27.67916666666666 5509925618.5974121
6164 63.712500000000006 27.695833333333333 5509046992.8771305
6384 61.637499999999989 23.704166666666666 5702381611.8747654
6313 61.695833333333326 24.904166666666669 5638928769.8551826
6278 61.9375 25.229166666666671 5613014778.7872925
6260 62.095833333333331 25.262500000000003 5596157808.1946239
6251 62.095833333333331 25.454166666666666 5586425066.7779503
6247 62.07916666666668 25.595833333333331 5582339606.0577507
6249 62.112500000000011 25.554166666666674 5584463695.6827469
6248 62.087500000000006 25.587500000000006 5583410014.6892166
6348 61.354166666666657 27.420833333333334 5673154316.6114721
6330 61.445833333333326 27.154166666666669 5656161617.0665035
6339 61.462500000000006 27.462499999999999 5664630667.1146059
6334 61.404166666666669 27.279166666666669 5659960220.6597576
6332 61.445833333333326 27.162500000000001 5658018319.9081411
6331 61.462500000000006 27.145833333333336 5657123053.6667118
6454 63.020833333333314 23.745833333333337 5759274584.875824
6419 62.979166666666657 23.870833333333337 5725976593.5608463
6436 63.04583333333332 23.704166666666666 5744513093.029129
6427 62.920833333333348 23.92916666666666 5735077134.0996284
6423 62.9375 23.887500000000003 5730575294.1024046
6421 62.954166666666652 23.887500000000003 5728463790.7766151
6422 62.945833333333326 23.887500000000003 5729520050.8259621
6489 61.537499999999994 22.004166666666663 5790105762.1603851
6507 61.629166666666663 22.1875 5802119735.6409626
6516 61.770833333333343 22.1875 5807983539.4451733
6511 61.720833333333331 22.170833333333334 5804788873.8146
6509 61.720833333333331 22.129166666666663 5803431814.1796341
6510 61.712500000000006 22.137500000000003 5804116053.4286184
8777 59.079166666666652 56.095833333333331 6365550420.36022
7651 57.129166666666663 28.745833333333337 6269165325.2739964
7088 64.29583333333332 27.1875 6133743364.0767498
6806 61.604166666666657 23.854166666666671 5989891743.0578041
6665 60.637500000000017 23.537500000000009 5916177446.4595451
6595 61.612500000000011 23.19583333333334 5869657968.4625568
6630 61.179166666666674 23.670833333333334 5890186363.0066929
6612 61.70416666666668 23.345833333333331 5879369176.333662
6603 61.620833333333337 23.162500000000009 5874462343.2710152
6607 61.587500000000006 23.120833333333337 5876357894.8309574
6609 61.70416666666668 23.404166666666669 5877531181.3560209
6608 61.712500000000006 23.395833333333343 5876942659.3652592
6735 61.404166666666669 24.520833333333329 5954819208.6056709
6700 60.620833333333337 23.287500000000009 5937615969.3295269
6717 60.904166666666669 23.045833333333334 5947028745.3858614
6726 60.787499999999994 23.054166666666674 5950499476.460144
6721 60.820833333333354 23.079166666666666 5948621970.4072132
6723 60.837500000000006 23.045833333333334 5949408884.74751
6724 60.820833333333354 23.037500000000009 5949779778.5683899
6725 60.804166666666674 23.045833333333334 5950153482.2958031
6947 65.1875 28.279166666666669 6062641995.1768799
6876 61.45416666666668 22.17916666666666 6017680831.608695
6884 64.279166666666669 30.970833333333331 6022344216.1667128
6886 64.287500000000023 30.987499999999997 6023860598.7269707
6887 64.279166666666669 31.104166666666671 6024593076.6775742
6982 64.57916666666668 28.770833333333336 6081750689.2895985
6999 64.4375 28.929166666666667 6089647213.0025883
7008 64.145833333333343 29.162500000000001 6093501106.8580427
7012 64.220833333333303 28.987500000000004 6096162670.4440365
7013 64.212500000000006 28.979166666666664 6096805103.5072346
7014 64.212500000000006 28.99583333333333 6097523304.6215782
7158 63.604166666666686 27.229166666666664 6159596602.0653839
7175 63.920833333333348 26.462499999999999 6166811799.4757538
7184 63.887499999999989 26.579166666666673 6169934522.6698151
7186 63.862499999999983 26.579166666666673 6170488733.8226194
7187 63.854166666666686 26.587499999999999 6170842557.3276024
7188 63.837499999999977 26.579166666666673 6171164974.1909065
7419 60.720833333333331 27.529166666666669 6230856184.9295397
7477 60.237499999999983 27.387500000000003 6240690758.1730633
7491 60.09583333333336 27.1875 6243114484.9418812
7498 60.012499999999989 27.212499999999999 6244054471.8931656
7499 60.012499999999989 27.24583333333333 6244180160.8207216
7500 59.995833333333337 27.24583333333333 6244330773.7558117
8214 59.995833333333337 18.712499999999991 6310864702.2292595
8495 64.012500000000017 25.212500000000006 6314067227.2892838
8636 65.570833333333326 25.762500000000003 6316407919.8740768
8706 56.804166666666674 55.862499999999997 6336620281.4361877 >=
8671 63.204166666666652 57.995833333333337 6319329478.5761662 >=
8653 60.537499999999994 57.462499999999999 6318403005.6211147 >=
8644 65.97083333333336 27.329166666666666 6316722662.5089836
8651 60.537499999999994 57.329166666666666 6318001015.3977079 >=
8650 60.9375 57.529166666666669 6317799390.0821514 >=
8649 60.929166666666674 57.529166666666669 6317404501.1687584
8650 60.9375 57.529166666666669 6317799390.0821514
9903 7.7375000000000114 47.329166666666666 6782264885.6174784 >=
9340 56.804166666666674 64.395833333333329 6541308685.5290127 >=
9058 56.804166666666674 60.129166666666663 6440157999.1913614 >=
8917 58.937499999999972 57.995833333333337 6398993900.1858692 >=
8847 58.67083333333332 56.887500000000003 6384754579.2468729
8882 56.804166666666674 55.862499999999997 6391576559.3842735 >=
8864 59.379166666666663 56.87916666666667 6388907958.4219179
8880 56.804166666666674 55.862499999999997 6391329237.1398945 >=
8878 58.537499999999994 56.395833333333336 6391749773.2108507 >=
8876 58.537499999999994 56.395833333333336 6391337972.9133263 >=
8874 58.595833333333303 56.387500000000003 6390899078.2277365
8875 58.579166666666652 56.387500000000003 6391170891.6006203
8876 58.570833333333354 56.395833333333336 6391393331.5540619
9129 57.595833333333303 60.820833333333333 6463933442.1104012
9234 58.937499999999972 64.395833333333329 6495953556.9364166 >=
9181 56.804166666666674 60.129166666666663 6474371674.7055826 >=
9155 58.937499999999972 60.129166666666663 6467811546.674221 >=
9142 58.404166666666669 60.662500000000001 6466075843.431881 >=
9135 57.470833333333331 60.795833333333334 6464947099.9816618 >=
9132 57.579166666666652 60.845833333333331 6464536389.388175
9133 57.587500000000006 60.854166666666671 6464701845.3512716
9315 54.979166666666657 63.904166666666669 6536447420.3175611
9327 55.204166666666652 63.862499999999997 6541726222.4405699 >=
9321 55.204166666666652 63.862499999999997 6538970695.2214622 >=
9318 55.070833333333326 63.904166666666669 6537906773.2614632
9319 55.137499999999989 63.912499999999994 6538390779.4837551
9611 14.137500000000017 57.995833333333337 6664425814.1062737 >=
9465 10.662499999999994 57.279166666666661 6595197252.7976227
9538 14.137500000000017 62.262500000000003 6620771707.7860126 >=
9501 14.404166666666669 61.620833333333337 6610494308.0251493
9519 14.137500000000017 62.262500000000003 6614917774.0511379 >=
9510 14.137500000000017 62.262500000000003 6612398277.7749939 >=
9505 14.270833333333343 61.729166666666664 6611707059.2079 >=
9503 14.27916666666664 61.712499999999999 6611104086.1161919
9504 14.295833333333348 61.679166666666667 6611466402.2610264
9505 14.287499999999994 61.695833333333333 6611756075.8163548
9704 16.270833333333343 57.995833333333337 6697840904.7132063 >=
9654 15.20416666666668 59.0625 6686454331.6761293 >=
9644 15.045833333333348 59.045833333333334 6684248863.4725542
9649 15.20416666666668 59.0625 6685200675.1071777 >=
9646 15.087500000000006 59.054166666666667 6684752939.3835802
9647 15.104166666666657 59.054166666666667 6684960436.5549383
9648 15.120833333333366 59.054166666666667 6685201296.9345446
9775 8.1374999999999886 49.462499999999999 6752218274.1323366
9839 7.7375000000000114 49.462499999999999 6768707074.9719715 >=
9807 7.7375000000000114 49.462499999999999 6759473666.0730677 >=
9791 8.3208333333333258 49.479166666666671 6758142994.6981678
9799 8.2708333333333144 49.462499999999999 6760308150.6055775 >=
9795 8.2708333333333144 49.462499999999999 6759082664.891592 >=
9793 8.1374999999999886 49.595833333333339 6758778402.3452263 >=
9792 8.1208333333333371 49.645833333333336 6758469565.0434799
9793 8.1374999999999886 49.62916666666667 6758796356.8787565
10411 29.070833333333326 57.995833333333337 6983259065.0589962 >=
10102 12.004166666666663 51.595833333333331 6846530771.4325275 >=
9947 6.7958333333333201 47.604166666666664 6793901189.0480947
10024 12.20416666666668 49.779166666666669 6815275133.6176395
10063 12.537499999999994 49.99583333333333 6840114014.8947334 >=
10043 12.995833333333337 49.720833333333339 6831163975.316329
10053 13.070833333333354 49.462499999999999 6834537526.6128025 >=
10048 12.937499999999972 49.862499999999997 6834410545.3894901 >=
10045 12.937499999999972 49.729166666666671 6832106557.7226515 >=
10044 12.92083333333332 49.8125 6831975063.2731476
10045 12.870833333333309 49.862499999999997 6832676806.6904259
10228 35.470833333333331 64.395833333333329 6909081504.8130713 >=
10136 35.854166666666657 64.795833333333334 6864266210.661808
10182 36.004166666666691 64.895833333333343 6892037374.4709415
10205 36.354166666666657 65.045833333333334 6902843730.7396326
10216 36.004166666666691 64.929166666666674 6907013805.8288374 >=
10210 36.187499999999972 64.904166666666669 6904760240.3924084
10213 36.270833333333343 64.929166666666674 6905760828.6351833 >=
10211 36.195833333333326 64.904166666666669 6905131212.7432318
10212 36.362500000000011 64.962500000000006 6905469770.0113201
10311 31.904166666666697 61.854166666666664 6946955066.1214695
10361 29.287499999999994 58.962499999999999 6971205609.1630135
10386 29.604166666666686 59.0625 6981351131.7047758 >=
10373 29.520833333333314 59.037500000000001 6976651498.8993282
10379 29.470833333333303 59.0625 6978962724.7508411 >=
10376 29.462500000000006 59.087499999999999 6977935238.2340603
10377 29.454166666666652 59.095833333333331 6978373518.7572327
10378 29.454166666666652 59.104166666666664 6978791793.5987625
10379 29.462500000000006 59.112499999999997 6979138707.7278805
10704 22.67083333333332 49.462499999999999 7090500656.1774473 >=
10541 21.420833333333348 49.495833333333337 7025745988.888484
10622 22.67083333333332 49.462499999999999 7060643901.5912018 >=
10581 21.820833333333326 49.387500000000003 7044777207.0934124
10601 22.020833333333343 49.529166666666669 7051627219.7554102
10611 22.67083333333332 49.462499999999999 7053485545.5143166 >=
10606 22.137499999999989 49.462499999999999 7052988053.3034554 >=
10603 22.04583333333332 49.520833333333336 7052285029.1695404
10604 22.020833333333343 49.570833333333333 7052591996.5808887
10816 20.870833333333337 47.220833333333331 7115498490.873312
10922 18.40416666666664 43.0625 7142086944.481369 >=
10869 19.47083333333336 43.595833333333339 7125874165.0551357 >=
10842 21.504166666666663 47.020833333333336 7120909687.9873953
10855 21.395833333333343 47.179166666666667 7123727397.0565786
10862 21.29583333333332 47.470833333333331 7124750927.3546696
10865 19.537500000000023 43.362500000000004 7126061412.9763365 >=
10863 19.54583333333332 43.37916666666667 7125058797.3978939
10864 19.54583333333332 43.37083333333333 7125620945.6383533
10865 19.529166666666669 43.337499999999999 7126125660.2650824
15533 -107.46250000000001 66.529166666666669 7346242908.7477703 >=
13281 33.337500000000006 25.995833333333337 7317983894.5856495 >=
12155 20.537500000000023 28.129166666666663 7298906283.5885124 >=
11592 16.270833333333343 30.262500000000003 7270907805.8821335 >=
11310 18.40416666666664 36.662499999999994 7243928240.4449673 >=
11169 16.270833333333343 36.662499999999994 7214337641.2650223 >=
11099 16.20416666666668 36.595833333333331 7197063980.5317326
11134 16.270833333333343 36.662499999999994 7208096937.9899559 >=
11116 16.270833333333343 36.662499999999994 7204335967.4530716 >=
11107 16.270833333333343 36.662499999999994 7200858914.5867376 >=
11103 16.320833333333326 36.337500000000006 7199323498.9385452
11101 16.287499999999994 36.362499999999997 7198032021.3365145
11102 16.329166666666652 36.279166666666669 7198716858.0412283
11629 16.270833333333343 30.262500000000003 7274891253.2879448 >=
11366 18.695833333333354 37.554166666666667 7254577874.8215551
11497 19.012500000000017 36.054166666666667 7264604345.6306047
11563 19.754166666666663 35.987499999999997 7267971296.8723717
11596 16.537499999999994 29.762499999999996 7271902305.7381001
11612 16.270833333333343 30.262500000000003 7273192702.4386473 >=
11604 16.604166666666657 29.737500000000004 7272785328.0466948
11600 16.570833333333326 29.75416666666667 7272441405.9423475
11602 16.212500000000006 30.179166666666667 7272629365.7719593
11603 16.212500000000006 30.195833333333333 7272712755.4292288
2073 100.53750000000002 28.129166666666663 2155590271.5302992 >=
2064 100.83750000000003 28.004166666666663 2145786254.5750086
2068 100.53750000000002 28.129166666666663 2147488955.3631754 >=
2066 100.80416666666667 27.995833333333337 2147700235.9425821 >=
2065 100.8458333333333 28.004166666666663 2147051185.5853243
2066 100.85416666666669 28.012500000000003 2148103073.7722116
13568 38.612500000000011 24.962499999999991 7332151916.0933132
14550 -139.62916666666666 82.887500000000003 7345050744.9014349
15041 -109.59583333333333 75.0625 7346242908.7384558 >=
14795 -117.3125 78.104166666666671 7345956537.4262581
14918 -113.8625 76.129166666666663 7346242908.5205202 >=
14856 -114.62083333333332 76.704166666666666 7346172495.2840509
14887 -113.28750000000001 75.929166666666674 7346242529.1264791
14902 -114.10416666666666 75.954166666666666 7346242907.8903933
14910 -114.26249999999999 75.995833333333337 7346242908.729599 >=
14906 -114.29583333333333 75.962500000000006 7346242908.5453777 >=
14904 -114.16249999999999 75.962500000000006 7346242908.1096611 >=
14903 -114.15416666666667 75.954166666666666 7346242908.0839329
5 90.404166666666697 23.754166666666663 5045691.1633152962
7 90.395833333333314 23.762500000000003 7869602.4898629189
6 90.404166666666697 23.762500000000003 6643169.3641891479
