10018 12.004166666666663 53.729166666666671 7185077922.0758648 >=
5009 69.604166666666657 40.929166666666667 4820354752.5563478 >=
2504 95.204166666666652 28.129166666666663 3088678787.1752281 >=
1252 80.270833333333371 23.862499999999997 1575453497.4173241 >=
626 85.604166666666686 24.395833333333329 683409088.9718523 >=
313 87.737500000000011 24.395833333333329 338815508.19351268 >=
156 89.204166666666652 23.595833333333331 123956337.83366871 >=
78 113.73750000000001 22.795833333333334 61806706.093857765 >=
39 77.270833333333314 28.595833333333331 30070684.608906507 >=
19 121.42916666666667 31.220833333333331 19206782.078056335
9 121.4375 31.287500000000001 7872767.8623008728 >=
4 90.404166666666697 23.745833333333337 4068597.3437509537
6 90.404166666666697 23.762500000000003 7406781.2588505745
7 90.412499999999966 23.754166666666663 8975059.682923317
13 121.46249999999998 31.237499999999997 14515250.959198475
