1 35.645833333333336 139.69583333333333 32038906.916727781 Tokyo
2 -6.3958333333333286 106.80416666666667 31479082.101829529 Jakarta
3 28.729166666666671 77.370833333333337 31430677.363627195 Delhi
4 31.112499999999997 121.29583333333335 27662723.835428238 Shanghai
5 30.354166666666664 31.212500000000006 27551045.922188282 Cairo
6 23.854166666666671 90.645833333333314 27470356.27573204 Dhaka
7 22.612499999999997 88.229166666666629 26196480.306203842 Kolkata
8 22.904166666666669 113.47083333333336 26006540.886723518 Guangzhou
9 19.212499999999991 73.07916666666668 24942035.249956846 Mumbai
10 37.470833333333331 126.98750000000001 23858246.407101631 Seoul
11 14.5625 120.96249999999998 23047318.580691338 Manila
12 19.4375 -99.262500000000003 22265268.029790103 Mexico City (#1 NA)
13 -23.637500000000003 -46.554166666666674 21998765.93219161 Sao Paulo
14 39.920833333333334 116.57083333333333 21967566.642997861 Beijing
15 22.645833333333329 114.12083333333334 21724581.183954716 Shenzhen/Hong Kong
16 13.787499999999994 100.45416666666665 16365887.063265324 Bangkok
17 55.779166666666661 37.762499999999989 16287854.830042973 Moscow
18 34.762499999999996 135.42916666666667 15436754.891210318 Osaka
19 40.945833333333333 29.020833333333314 15181078.685393572 Istanbul
20 -34.6875 -58.629166666666663 14926375.731981516 Buenos Aires
21 40.729166666666664 -74.020833333333329 14663897.007637769 New York City (#2 NA)
22 25.854166666666671 85.137499999999989 14399653.027539968 Patna
23 6.7958333333333343 3.3541666666666572 14273463.277165651 Lagos
24 31.787500000000001 74.195833333333326 14212413.775571346 Lahore
25 10.745833333333337 106.67083333333329 14099126.439622879 Ho Chi Minh City
26 35.62916666666667 51.304166666666674 14038323.847433686 Tehran
27 30.770833333333329 103.98750000000001 14023708.492232084 Chengdu
28 13.104166666666657 77.795833333333292 13992653.38813448 Bengaluru
29 24.845833333333331 67.229166666666657 13712311.550758362 Karachi
30 31.604166666666664 120.35416666666669 13369627.702782869 Changzhou/Wuxi/Suzhou
31 13.0625 79.929166666666674 12778469.720393181
32 -7.0291666666666686 107.87916666666666 12682561.11425209
33 -22.770833333333329 -43.32916666666668 12560012.105814934
34 51.554166666666667 -0.38749999999998863 12521319.016494319
35 23.362500000000011 116.40416666666664 12378177.147458076
36 25.479166666666671 82.779166666666697 12026033.475829124
37 39.170833333333334 117.3125 11869417.992088079
38 23.162500000000009 91.079166666666652 11746268.226820469
39 26.695833333333333 80.604166666666686 11649723.265420675
40 48.87083333333333 2.3541666666666572 11551038.448228359
41 20.962500000000006 105.99583333333334 11544594.035589695
42 25.995833333333337 86.012499999999989 11459654.613522053
43 34.012500000000003 -118.04583333333333 11346430.879589774 Los Angeles, California, USA (#3 NA)
44 -7.5875000000000057 112.57916666666665 11294754.125411987
45 30.3125 120.45416666666665 11150731.948625088
46 22.779166666666669 72.745833333333337 11110865.969751835
47 31.029166666666669 30.9375 11014900.282454014
48 30.712500000000006 114.1541666666667 10904292.296648264
49 32.112500000000004 119.13749999999999 10686601.48793602
50 17.404166666666669 78.304166666666674 10540300.151210785
51 24.912499999999994 121.42083333333335 10432603.319122314
52 34.387500000000003 108.87916666666666 10299823.705049753
53 24.787499999999994 118.29583333333335 10250890.796918392
54 26.437499999999993 84.529166666666697 10234347.820611715
55 -26.037499999999994 28.162499999999994 10198913.319671392
56 -11.995833333333323 -76.845833333333331 10197781.350786746
57 35.070833333333333 113.61250000000001 10050568.171897411
58 4.6958333333333258 -74.212499999999991 9848800.4384206533
59 26.837499999999999 83.604166666666629 9764668.8431868553
60 28.9375 78.645833333333314 9460156.0174059868
61 26.62083333333333 85.370833333333337 9288842.1272947788
62 41.612499999999997 123.61250000000001 9203376.2088884115
63 29.604166666666664 106.17916666666667 9193639.9349594116
64 -7.6208333333333371 110.57916666666665 9180497.6478691101
65 25.012500000000003 85.220833333333303 9176644.7676558495
66 24.337499999999991 88.179166666666674 9120437.8169212341
67 35.112500000000004 136.88749999999999 9012602.9096565247
68 5.8541666666666714 7.0791666666666799 9007378.0513870716
69 25.670833333333334 81.662500000000023 8953910.4657869339
70 34.112499999999997 71.829166666666652 8831584.607026577
71 25.379166666666663 86.862500000000011 8785103.0184407234
72 27.512500000000003 78.095833333333303 8784284.8354861736
73 1.3791666666666629 103.87916666666666 8760001.982254982
74 20.979166666666671 73.020833333333343 8735609.9732174873
75 38.145833333333336 114.82083333333333 8727444.3644164801
76 18.8125 73.954166666666652 8555871.3119673729
77 24.120833333333337 89.795833333333292 8554270.0867676735
78 51.262500000000003 7.0291666666666686 8553331.0308546796
79 23.670833333333334 86.554166666666674 8511762.0968427658
80 24.729166666666657 90.612500000000011 8456010.3798017502
81 31.095833333333331 30.204166666666652 8433218.7857023478
82 31.5625 73.0625 8416102.9666655064
83 23.19583333333334 88.795833333333292 8380638.2114305496
84 24.970833333333331 89.612500000000011 8301255.8664484024
85 27.829166666666666 120.53750000000002 8234246.265458107
86 25.970833333333331 89.27916666666664 8226025.8770356178
87 33.42916666666666 44.220833333333331 8204681.3940587044
88 25.920833333333334 83.787499999999966 8188354.5753483772
89 33.887500000000003 72.945833333333326 8136522.7201807499
90 26.262499999999996 82.920833333333292 8064283.1504600048
91 27.995833333333337 112.82916666666665 8059314.8509163857
92 22.379166666666663 91.879166666666663 8054806.831890583
93 17.037499999999994 96.254166666666663 8049227.6292910576
94 2.9791666666666714 101.71249999999998 8012147.252076149
95 29.662500000000001 77.820833333333326 7933596.7134451866
96 -4.44583333333334 15.495833333333337 7859777.5671532154
97 25.579166666666666 87.804166666666674 7826598.4094834328
98 32.487500000000004 74.504166666666663 7762239.709748745
99 11.879166666666663 8.3374999999999773 7696946.1603758335
100 10.995833333333337 76.0625 7693055.4961485863
101 31.054166666666674 31.662499999999994 7689059.7506386042
102 -8.8125 13.412500000000023 7579552.8490474224
103 26.829166666666673 81.770833333333314 7516289.4374928474
104 36.42916666666666 114.54583333333335 7514729.7482347488
105 26.212499999999999 87.087499999999977 7499321.7181560993
106 41.829166666666666 -87.920833333333348 7492781.6472895741 Chicago, Illinois/Indiana, USA (#4 NA)
107 28.354166666666671 79.170833333333348 7345814.5720252991
108 36.495833333333337 117.37083333333334 7340477.6185324192
109 24.012500000000003 88.945833333333326 7327536.0497264862
110 25.337500000000006 84.454166666666652 7286362.5022511482
111 -33.529166666666654 -70.870833333333337 7283854.8309397697
112 15.529166666666669 32.670833333333348 7197019.3309924603
113 25.204166666666666 86.020833333333314 7194447.097992897
114 22.070833333333326 87.595833333333303 7181913.8727293015
115 36.254166666666663 120.03750000000002 7134524.7884185314
116 23.045833333333334 89.879166666666663 7100922.4813609123
117 29.904166666666661 121.26249999999999 7054690.7697248459
118 24.704166666666666 91.979166666666686 7024089.9698185921
119 -1.1041666666666714 36.962499999999977 7022239.6537997723
120 -7.1041666666666714 109.32916666666665 7022005.6554708481
121 27.579166666666666 79.77916666666664 6993075.1018459797
122 7.0208333333333286 80.1875 6921583.2671995163
123 45.579166666666666 9.2541666666666629 6884234.3535524905
124 32.095833333333339 35.120833333333309 6852555.9693495035
125 33.837500000000006 113.67916666666667 6727638.3556616306
126 52.12916666666667 4.7874999999999943 6719078.0598503128
127 53.570833333333333 -1.9375 6654160.0257693715
128 9.7708333333333286 76.495833333333337 6651170.8894257545
129 27.095833333333339 82.787499999999966 6577656.5383195877
130 4.8374999999999915 7.6041666666666856 6574785.8396465778
131 29.87916666666667 71.445833333333326 6554119.3147034645
132 40.429166666666667 -3.5958333333333314 6531188.9675054848
133 45.604166666666671 126.65416666666664 6492422.824887991
134 -6.9208333333333343 110.70416666666665 6468418.3785791397
135 35.454166666666673 128.9375 6442281.2475614548
136 25.745833333333337 119.25416666666666 6431323.4489965439
137 37.5625 112.35416666666669 6413291.429864645
138 30.712500000000006 76.270833333333314 6408778.2051217556
139 27.029166666666661 76.137499999999989 6393658.8881702423
140 29.187499999999993 30.962500000000006 6393473.0773595572
141 24.662499999999994 46.645833333333314 6390077.6869018078
142 -6.5458333333333343 39.212500000000006 6379314.3697977066
143 31.762499999999996 116.91250000000002 6346586.7774865627
144 28.379166666666663 115.80416666666667 6319637.5300059319
145 32.25416666666667 35.945833333333326 6268917.4351472855
146 34.529166666666669 112.67916666666667 6266324.923281908
147 20.487499999999997 86.145833333333371 6260377.7782988548
148 10.912499999999994 77.02916666666664 6253352.4575242996
149 36.495833333333337 3.1125000000000114 6230727.5726614594
150 36.8125 118.30416666666667 6158908.6713113785
151 34.254166666666663 116.73749999999995 6125061.7010369301
152 24.1875 91.320833333333326 6123681.417075634
153 34.787500000000001 69.262499999999989 6097636.9067378044
154 27.629166666666663 80.920833333333348 6082949.1698598862
155 23.579166666666666 88.037500000000023 6081455.7080726624
156 43.520833333333336 -79.529166666666669 6075727.7491103262 Toronto, Ontario, Canada* (#5 NA)
157 38.804166666666667 115.76249999999999 6055878.3526849747
158 31.604166666666664 75.312499999999972 6048909.1683535576
159 11.429166666666674 77.912499999999966 6047584.5041971207
160 -7.8375000000000057 111.80416666666667 6016926.7733240128
161 33.67916666666666 35.92083333333332 6016398.1834692955
162 35.237500000000004 116.7791666666667 5998979.0852968693
163 26.37083333333333 88.52916666666664 5991379.4593756199
164 28.270833333333329 78.245833333333337 5961150.8246102333
165 -7.0374999999999943 108.48750000000001 5941393.0486021042
166 -6.5458333333333343 107.37083333333334 5922861.9644823074
167 7.5874999999999915 4.2041666666666799 5918300.1941411495
168 22.320833333333326 113.16249999999997 5884472.9716887474
169 52.762500000000003 -1.6875 5883964.043183133
170 16.779166666666669 81.870833333333337 5857506.5210180283
171 39.079166666666666 -76.945833333333326 5852845.9244835824 Washington, D.C./Baltimore, D.C./Virginia/Maryland, USA (#6 NA)
172 25.287499999999994 88.795833333333292 5815621.9488596916
173 5.8624999999999972 -0.3125 5809176.6592282057
174 32.87083333333333 -96.987499999999997 5806408.4266183823 Dallas/Fort Worth
175 16.587499999999991 74.445833333333354 5801684.5650889874
176 32.337499999999999 120.10416666666669 5786603.502966404
177 38.904166666666669 125.6875 5764417.1466016769
178 26.954166666666673 79.337500000000034 5748578.9806613922
179 21.529166666666669 110.58749999999998 5741107.1110816002
180 0.4791666666666714 32.82916666666668 5633447.9767844677
181 22.887500000000003 75.637499999999989 5633347.3877050877
182 22.512500000000003 88.954166666666652 5631099.7960181236
183 59.870833333333337 30.445833333333354 5623041.3924915027
184 33.379166666666663 114.97916666666669 5618658.9504759312
185 22.42916666666666 90.420833333333348 5612063.0281691551
186 16.420833333333334 80.8125 5603442.3373885155
187 20.537500000000009 -103.45416666666667 5568757.7855310291
188 21.545833333333334 39.537499999999994 5562290.9511766434
189 29.787500000000001 -95.387500000000003 5545025.238922447
190 23.345833333333331 112.95416666666671 5529257.6271367073
191 8.8458333333333314 76.870833333333337 5526765.6149377823
192 -19.8125 -44.195833333333354 5507320.207918644
193 34.887499999999996 118.00416666666666 5484253.6219742298
194 10.30416666666666 -67.087499999999991 5480984.6129671335
195 25.620833333333337 -100.25416666666666 5480762.0079034567
196 25.162499999999994 55.4375 5463954.332351923
197 37.645833333333336 -122.02916666666667 5460758.882673366 The San Francisco Bay Area
198 35.954166666666666 115.37083333333334 5446521.2304570675
199 3.4708333333333314 98.620833333333337 5417374.6664657593
200 28.479166666666671 121.22916666666669 5386160.6023316383
201 28.0625 76.979166666666629 5321069.9472913742
202 33.345833333333331 -7.4625000000000057 5295448.2483121753
203 39.654166666666669 118.54583333333335 5282434.6038752794
204 8.82083333333334 38.995833333333337 5280818.6418409348
205 11.904166666666669 79.429166666666674 5275179.0000319481
206 21.079166666666666 81.679166666666674 5264581.7662243843
207 26.337499999999999 91.4375 5254509.8273823261
208 30.637500000000003 73.095833333333331 5251451.0008945465
209 26.137499999999996 80.987500000000011 5235441.4216911793
210 14.654166666666669 -90.837500000000006 5221456.3477884531 Guatemala City
211 29.37916666666667 77.02916666666664 5215930.8908936977
212 40.045833333333334 -75.195833333333326 5215862.9466875792 Philadelphia
213 25.4375 68.587500000000006 5195471.9208586216
214 33.94583333333334 74.862499999999983 5182488.3468174934
215 24.962499999999991 88.020833333333314 5173895.9650330544
216 30.904166666666669 120.80416666666667 5157805.8485565186
217 39.920833333333334 33.004166666666663 5143653.9187204838
218 41.520833333333336 2.0541666666666458 5133750.9912880361
219 50.987500000000004 4.2708333333333428 5130497.8577189073
220 23.845833333333331 120.57083333333333 5127311.2072381973
221 43.679166666666667 125.17083333333335 5121619.6153006554
222 20.595833333333331 106.39583333333337 5097639.0841259956
223 24.962499999999991 102.9041666666667 5079544.8671913147
224 5.5458333333333343 -4.1291666666666629 5079399.9373289347
225 32.779166666666669 112.44583333333333 5072736.3295533657
226 15.3125 120.75416666666666 5042913.1357879639
227 40.99583333333333 122.51249999999999 5024861.5805336237
228 13.712499999999991 44.129166666666663 5024705.2646155357
229 -6.2875000000000085 106.12916666666666 5012168.9020700455
230 14.770833333333343 -17.104166666666657 5005302.1276888847
231 29.170833333333327 119.82916666666665 5004739.983748436
232 9.7708333333333286 77.787500000000023 5001630.8184952736
233 10.787499999999994 79.47083333333336 4965271.143699646
234 27.395833333333336 85.204166666666652 4920571.5268945694
235 35.095833333333339 115.8125 4912890.6674001217
236 34.479166666666664 114.16249999999997 4908418.5177605152
237 33.879166666666663 118.97916666666669 4905236.7399570942
238 37.229166666666664 114.89583333333331 4898207.1049449444
239 27.545833333333334 81.762499999999989 4888101.6451790333
240 33.5625 130.61250000000001 4880716.2848763466
241 34.154166666666669 115.51249999999999 4874831.8247687817
242 31.004166666666663 74.212500000000006 4862983.197217226
243 29.429166666666667 105.0625 4860471.3203270435
244 26.470833333333339 92.47083333333336 4857975.5918748379
245 40.862500000000004 14.570833333333354 4855006.1724805236
246 31.929166666666667 121.10416666666669 4854559.1779503822
247 22.854166666666671 120.37916666666666 4852145.2641205788
248 32.8125 116.96250000000003 4824376.8430392742
249 26.570833333333333 78.037500000000023 4816403.0941317081
250 10.162499999999994 106.0291666666667 4806420.6097154617
251 4.9874999999999972 6.8208333333333258 4796363.221868515
252 -8.0458333333333201 113.46249999999998 4795761.0450077057
253 25.237499999999997 83.604166666666629 4787690.4301929474
254 26.145833333333336 82.129166666666663 4768169.0775530338
255 18.479166666666657 -70.020833333333343 4764234.1909635067 Santo Domingo
256 41.162500000000001 69.320833333333354 4760278.3789912462
257 26.520833333333336 86.254166666666663 4748050.5670108795
258 22.479166666666671 73.354166666666657 4742271.3862390518
259 6.8125 38.554166666666674 4722058.0486528873
260 23.704166666666666 85.479166666666686 4711183.6256189346
261 35.420833333333341 114.48750000000001 4710911.3273482323
262 32.979166666666664 115.75416666666666 4692742.4448738098
263 20.929166666666674 78.954166666666708 4692234.0661773682
264 31.429166666666667 118.24583333333334 4668613.4979727268
265 -7.9708333333333314 -35.229166666666657 4667084.9910088778
266 30.154166666666669 77.154166666666697 4655785.7472064495
267 36.729166666666671 115.80416666666667 4622219.4736831188
268 -33.862499999999997 18.679166666666646 4610568.887345314
269 -3.2125000000000057 29.637499999999989 4605847.0093376637
270 32.804166666666667 -116.98750000000001 4600608.2428640574 San Diego/Tijuana
271 49.795833333333334 8.6291666666666913 4597650.2442475259
272 26.962499999999999 84.479166666666686 4595467.9258720875
273 26.662500000000001 106.38749999999999 4563947.7125310898
274 24.5625 89.012499999999989 4548647.5643172264
275 -33.754166666666677 151.02083333333331 4527464.9782466888
276 19.887500000000003 74.104166666666686 4525474.5862083435
277 13.995833333333337 121.22916666666669 4493148.8563899994
278 52.512500000000003 13.495833333333337 4487604.5920654312
279 36.362499999999997 139.48749999999995 4484502.889231205
280 26.87916666666667 31.462500000000006 4483144.7790410519
281 -1.7458333333333371 29.90416666666664 4472305.9473488331
282 39.212500000000006 121.57916666666665 4461213.2632853985
283 24.612499999999997 84.420833333333292 4449598.9317746162
284 27.604166666666664 68.445833333333326 4423697.5660338402
285 30.270833333333336 72.270833333333343 4422216.7137241364
286 27.504166666666663 111.6541666666667 4408271.7958097458
287 33.845833333333331 -84.312499999999986 4402502.5691900551 Atlanta
288 25.94583333333334 32.379166666666691 4396381.8147008419
289 36.612499999999997 119.1875 4393032.2957148552
290 15.470833333333331 43.870833333333337 4384651.1601877213
291 6.2708333333333428 -75.620833333333337 4374834.1168103814
292 12.204166666666666 76.704166666666652 4364978.528734684
293 42.370833333333337 -71.345833333333331 4356185.3152950108 Boston
294 19.112499999999997 -98.104166666666671 4355060.9874109924 Puebla
295 22.920833333333334 87.52916666666664 4336534.7521271706
296 40.74583333333333 72.004166666666691 4318541.6703549623
297 0.25416666666666288 34.604166666666657 4311210.094086647
298 -29.737499999999997 30.629166666666691 4308845.0920152664
299 42.454166666666666 -83.354166666666671 4305284.7713042572 Detroit
300 22.8125 86.512499999999989 4302776.9183273315
301 34.720833333333331 72.287499999999994 4293861.6276733875
302 25.962500000000006 -80.254166666666663 4292697.3915892243 Miami
303 18.80416666666666 -72.44583333333334 4290229.1476117969 Port-au-Prince
304 35.954166666666666 116.38749999999999 4289117.2051854134
305 -5.1458333333333286 105.10416666666663 4288481.1171989441
306 6.69583333333334 -1.4791666666666572 4284336.8265863657
307 -22.954166666666666 -47.087500000000006 4282225.507593751
308 45.50416666666667 -73.704166666666666 4282075.386723876 Montreal
309 30.270833333333336 115.02083333333331 4269945.2868578434
310 36.637500000000003 127.14583333333331 4264218.7592642307
311 7.4458333333333258 4.9541666666666799 4259071.0999993086
312 30.662499999999994 105.67916666666667 4254217.0961821079
313 28.920833333333334 79.52916666666664 4239893.3732428551
314 -37.879166666666663 144.99583333333334 4226314.5175476074
315 -12.662499999999994 -38.629166666666663 4211407.2947888374
316 32.637499999999996 73.670833333333348 4200399.8773577213
317 41.8125 12.745833333333337 4193262.2649898529
318 44.020833333333336 87.52916666666664 4187371.6953132153
319 26.62916666666667 112.47916666666663 4181173.2723851204
320 17.987499999999997 83.070833333333326 4178237.5394477844
321 23.44583333333334 77.404166666666697 4177646.0642824173
322 33.454166666666666 -112.0125 4169001.5560887754 Phoenix
323 31.212500000000006 104.64583333333331 4164186.5613925457
324 12.604166666666671 78.954166666666708 4160778.5820527077
325 50.045833333333334 18.79583333333332 4145153.9298401475
326 -29.8125 -51.095833333333331 4140177.5509576797
327 23.345833333333331 114.17083333333335 4139007.6393456459
328 23.054166666666674 108.5625 4123042.9198389053
329 -6.42916666666666 23.695833333333326 4111093.772636652
330 38.49583333333333 27.212500000000006 4096987.3278089762
331 -4.0625 -38.595833333333331 4087178.6754291058
332 7.2958333333333343 37.8125 4086821.4956800938
333 31.62916666666667 119.69583333333333 4086141.9547610283
334 35.737500000000004 103.66250000000002 4086046.9875290394
335 33.612499999999997 119.87916666666666 4083040.1185655594
336 22.920833333333334 74.212500000000006 4061213.3788599968
337 24.479166666666657 86.412500000000023 4043717.1174468994
338 -7.2125000000000057 109.97916666666669 4032562.4175596237
339 27.420833333333334 78.729166666666629 4031456.6951313019
340 4.2541666666666629 9.4875000000000114 4026689.4751069546
341 34.087500000000006 118.0625 4021145.4232213497
342 6.2625000000000028 7.8124999999999716 3998515.6387035847
343 32.187499999999993 44.570833333333326 3995419.2634456158
344 23.495833333333337 89.570833333333326 3981951.7660045624
345 10.862499999999997 78.4375 3972336.9619393349
346 38.179166666666667 23.720833333333331 3971182.8204962015
347 8.5374999999999943 77.420833333333348 3958711.8748192787
348 28.345833333333331 80.22083333333336 3957202.2112565041
349 11.487499999999997 104.87083333333334 3956859.0129199028
350 26.24583333333333 90.087500000000034 3947965.5952003002
351 33.212499999999999 114.1541666666667 3935433.3507585526
352 10.470833333333331 123.64583333333331 3934377.6603622437
353 20.037500000000009 105.80416666666667 3930720.5855402946
354 48.87083333333333 8.8791666666666913 3927903.0395992398
355 6.6291666666666771 2.5374999999999943 3921055.3284717798
356 38.329166666666673 116.46250000000003 3919222.717233181
357 -8.4458333333333258 115.23750000000001 3914347.9555549622
358 23.712500000000006 87.412500000000023 3912016.4162621498
359 11.6875 75.6875 3904585.009701252
360 27.5625 30.97083333333336 3896934.4199801683
361 22.0625 82.529166666666697 3869318.1194849014
362 3.8375000000000057 11.29583333333332 3862662.0071899891
363 36.270833333333329 59.262499999999989 3852537.9788036346
364 27.295833333333334 77.379166666666663 3847010.8608372211
365 26.304166666666667 87.754166666666663 3830834.4810504913
366 32.545833333333341 51.57916666666668 3827002.4710798264
367 -1.9375 -79.754166666666677 3814003.6027441621
368 16.0625 120.5625 3800146.3125495911
369 34.87083333333333 118.9375 3792636.6022193432
370 37.512499999999996 116.01249999999999 3780375.7237782478
371 0.8125 34.0625 3780223.9452474117
372 23.870833333333337 72.229166666666686 3772412.5188174248
373 -0.67083333333333428 34.970833333333331 3763889.4754593372
374 10.470833333333331 76.395833333333314 3763738.6212773323
375 29.037500000000001 47.904166666666669 3759761.9746384621
376 31.045833333333334 72.412500000000023 3752245.1390421391
377 19.962500000000006 75.612499999999983 3747651.2495031357
378 -19.012499999999989 47.429166666666674 3736038.5629782677
379 26.37916666666667 50.279166666666669 3733250.5980517864
380 -15.879166666666663 -47.945833333333326 3731616.3128048182
381 39.404166666666669 116.2208333333333 3729202.7230764627
382 10.445833333333326 105.29583333333335 3676888.7886648178
383 28.345833333333331 30.754166666666663 3675757.2958672047
384 36.120833333333337 36.895833333333314 3671658.4990544319
385 28.8125 112.01249999999999 3661869.5317194462
386 21.962499999999991 88.337500000000034 3655820.8922991753
387 8.9958333333333371 7.2708333333333144 3649529.3047971725
388 29.795833333333341 103.87916666666666 3638782.2615406513
389 35.829166666666666 117.47916666666669 3627007.7154824734
390 39.962499999999999 117.55416666666667 3624235.4296934605
391 13.845833333333331 -89.454166666666666 3619921.4594979286 San Salvador
392 15.795833333333334 74.879166666666634 3615387.4871783257
393 35.404166666666661 110.92083333333335 3598258.9461379051
394 50.354166666666664 30.337499999999977 3596517.08236444
395 12.862499999999997 -7.9375 3594117.7604731321
396 22.370833333333337 110.20416666666665 3588858.6220231056
397 34.712499999999999 114.97083333333336 3579570.044002533
398 26.87916666666667 68.087500000000006 3576143.8037655354
399 26.279166666666661 79.745833333333337 3567454.247159481
400 26.970833333333339 81.237500000000011 3547024.7408788204
401 23.745833333333337 74.129166666666663 3544908.931781292
402 50.604166666666664 3.0958333333333599 3536108.8560620844
403 28.9375 76.3125 3535056.9745948315
404 33.5625 116.5291666666667 3534360.658110857
405 32.162500000000001 72.779166666666669 3533258.5400629044
406 36.195833333333326 128.5625 3530007.9644823074
407 37.687499999999993 117.15416666666664 3512415.1617138386
408 19.645833333333329 84.820833333333326 3511094.3895001411
409 -1.8291666666666657 29.137499999999989 3503162.3153688908
410 33.770833333333329 -117.37916666666666 3500598.2852333039 San Bernardino
411 37.304166666666667 121.67916666666667 3498373.9038748741
412 3.5375000000000085 -76.395833333333343 3485628.22779423
413 30.870833333333337 117.21250000000003 3457196.1282064915
414 34.829166666666666 109.63749999999999 3455467.9109947681
415 32.24583333333333 75.29583333333332 3453647.3971669674
416 48.387500000000003 11.379166666666663 3422646.0876315236
417 25.012500000000003 82.079166666666652 3422371.8891620636
418 23.345833333333331 79.97083333333336 3419070.6574130058
419 -5.30416666666666 119.76249999999999 3415063.9925489426
420 -17.67916666666666 31.195833333333354 3406026.0106363297
421 27.8125 113.78750000000002 3382377.6556110382
422 19.654166666666669 110.39583333333331 3381905.8169574738
423 -8.5625 116.36250000000001 3378728.7129020691
424 -25.570833333333326 -49.362500000000011 3375459.149862051
425 28.57083333333334 70.3125 3372200.4660594463
426 30.6875 106.54583333333335 3370575.0015575886
427 10.1875 -67.854166666666671 3370462.6284581423
428 21.1875 86.462500000000034 3360708.2190899849
429 12.637500000000003 -1.6958333333333258 3360066.4454294443
430 9.3125 41.745833333333309 3356519.1256074905
431 30.94583333333334 75.445833333333354 3354911.1489446163
432 22.94583333333334 115.7208333333333 3348823.9203000069
433 47.504166666666663 -122.28749999999999 3344826.4528353582 Seattle
434 50.954166666666666 5.7375000000000114 3332932.0469941199
435 34.354166666666671 107.95416666666665 3320431.3906881809
436 20.829166666666666 -101.50416666666666 3318630.4138615727 Leon/Irapuato
437 53.729166666666671 10.095833333333331 3316846.5066805799
438 36.6875 10.387499999999989 3312106.4966936707
439 24.729166666666657 92.737500000000011 3309661.4037699699
440 6.3875000000000028 1.4458333333333258 3307908.0705851316
441 23.470833333333331 90.3125 3299694.6285834312
442 24.479166666666657 81.079166666666652 3287876.0996901989
443 31.462500000000006 34.662499999999994 3287171.8952133656
444 35.679166666666667 119.2208333333333 3282330.3296899796
445 18.337500000000006 79.479166666666629 3278525.4215016365
446 21.420833333333334 105.47916666666669 3277571.2158384323
447 29.554166666666667 112.77916666666664 3276731.3611767292
448 27.887500000000003 76.129166666666663 3272764.8562855721
449 29.829166666666673 115.89583333333331 3270192.4053111076
450 24.270833333333329 117.58749999999998 3265399.0914368629
451 19.070833333333326 77.095833333333303 3264385.8530983925
452 5.3541666666666714 6.0041666666666629 3261357.7974536419
453 30.445833333333333 113.21249999999998 3258889.4901866913
454 -15.770833333333329 35.295833333333348 3251714.1067390442
455 20.045833333333334 85.504166666666663 3245546.1688461304
456 -7.1124999999999972 112.0625 3235840.466550827
457 37.012500000000003 120.26249999999999 3227853.7258782387
458 21.820833333333326 96.179166666666674 3226972.8000478745
459 -2.5541666666666742 30.070833333333326 3220305.3815248013
460 29.37916666666667 71.262499999999989 3217485.9883284569
461 30.920833333333334 107.44583333333333 3215754.0369472504
462 22.737499999999997 112.62083333333334 3210246.9104990959
463 29.037500000000001 105.67916666666667 3201601.1359498501
464 47.37083333333333 8.0624999999999716 3195368.1513143182
465 35.862499999999997 112.92083333333335 3189926.1939790249
466 -7.3208333333333258 111.28750000000002 3183331.6114826202
467 33.954166666666666 -6.4958333333333371 3178269.5154250264
468 32.154166666666661 111.96249999999998 3177202.9884214401
469 10.512500000000003 -71.529166666666669 3171410.3237494826
470 20.912500000000009 75.179166666666646 3164121.5599777699
471 10.795833333333334 122.75416666666666 3160982.386888504
472 24.470833333333331 82.762499999999989 3159061.5727505684
473 53.404166666666669 -2.8458333333333314 3150805.0352533981
474 25.212500000000006 80.512499999999989 3139875.8990530968
475 29.87083333333333 75.979166666666657 3130524.8751628399
476 25.237499999999997 118.88749999999999 3119099.0453109741
477 47.454166666666666 18.82916666666668 3118634.2627604008
478 44.420833333333334 26.429166666666674 3117452.3243060112
479 30.229166666666664 111.87083333333334 3114709.6169571877
480 30.3125 74.90416666666664 3108588.7070636749
481 24.662499999999994 87.262499999999989 3104981.5421953201
482 10.137500000000003 -84.079166666666666 3102756.7712398171
483 38.912499999999994 -8.9958333333333371 3098121.9735908806
484 12.695833333333326 75.070833333333326 3095750.3418393135
485 -2.5708333333333258 29.212500000000006 3088129.8093008995
486 29.00416666666667 116.95416666666665 3079247.7010536194
487 48.070833333333333 16.637499999999989 3074715.0483162701
488 29.0625 78.054166666666674 3055889.6604001522
489 20.120833333333337 72.962500000000006 3055708.5127654076
490 52.145833333333336 21.054166666666674 3053386.8276843727
491 8.1541666666666686 4.5458333333333485 3050525.428678751
492 11.412499999999994 7.5291666666666686 3049945.6038316488
493 34.595833333333331 117.29583333333335 3048781.9609305859
494 31.029166666666669 76.754166666666663 3040405.9444825649
495 51.662500000000001 5.6541666666666686 3037862.8998204023
496 29.979166666666664 107.33749999999998 3033554.5556848049
497 -15.495833333333337 28.3125 3031367.8876867294
498 7.4874999999999972 5.8541666666666572 3031054.6625839472
499 39.779166666666669 113.20416666666671 3023113.1573491096
500 21.9375 70.804166666666646 3019379.3725998402
501 35.979166666666664 111.57083333333333 3018993.3526072502
502 30.162500000000001 104.69583333333333 3012875.7609193325
503 25.529166666666669 89.645833333333314 3009239.630095005
504 29.837499999999999 72.9375 3003647.503354311
505 32.512499999999996 115.0625 3000480.2819209099
506 0.012500000000002842 -78.337499999999991 2999390.4856913686
507 7.2874999999999943 125.77083333333337 2991597.5133466721
508 12.912499999999994 7.9875000000000114 2987892.1041181087
509 36.94583333333334 116.70416666666665 2987048.8187119961
510 25.370833333333337 78.920833333333348 2986863.1566722393
511 45.020833333333336 -93.212500000000006 2979273.76529615 Minneapolis
512 -13.904166666666669 33.754166666666663 2979155.9361486435
513 28.487499999999997 118.00416666666666 2971883.3450284004
514 12.345833333333331 78.237500000000011 2969861.1906847954
515 39.804166666666667 -104.97916666666667 2958888.4850149378
516 45.529166666666669 11.820833333333326 2934333.0060073435
517 -7.0875000000000057 106.79583333333335 2928881.8758058548
518 -25.8125 32.229166666666657 2926022.3131151199
519 33.962500000000006 114.62083333333334 2919293.3952667713
520 49.045833333333334 -122.78749999999999 2912858.6267003259
521 20.862499999999997 77.370833333333337 2910842.4717919827
522 31.0625 108.38749999999999 2909085.2048544884
523 -25.387499999999989 -57.329166666666666 2903203.4171885252
524 29.87916666666667 31.32916666666668 2901578.1661273241
525 -8.1291666666666629 112.42916666666667 2901454.057349205
526 -11.44583333333334 27.270833333333343 2899294.9230446815
527 26.970833333333339 110.97083333333336 2898735.1581845284
528 14.220833333333331 75.620833333333337 2897476.9495801926
529 31.520833333333336 106.3125 2896730.4525027275
530 14.870833333333337 -91.6875 2895775.2061939836
531 38.204166666666673 106.23749999999995 2889469.0675901175
532 55.945833333333333 -3.7375000000000114 2888689.3929130626
533 40.345833333333331 49.770833333333343 2888192.9602966309
534 24.120833333333337 83.870833333333337 2884392.002966404
535 33.587500000000006 73.787499999999994 2883093.0118033886
536 40.662500000000001 110.24583333333334 2871944.0159372091
537 -6.4541666666666657 108.15416666666664 2870132.9232845306
538 26.562499999999993 89.320833333333326 2869071.0380399227
539 41.229166666666664 -8.4208333333333201 2864245.4204754084
540 28.587500000000006 104.92916666666667 2864055.9373743534
541 34.479166666666664 133.71249999999998 2863405.003421545
542 28.020833333333329 -82.404166666666669 2863111.4613773823
543 24.212499999999991 115.73750000000001 2851471.6775021553
544 -7.6708333333333201 109.39583333333331 2845551.9618492126
545 13.295833333333334 79.295833333333348 2839947.0770897865
546 -3.2291666666666572 104.54583333333335 2838336.9571428299
547 36.262500000000003 43.554166666666674 2837142.7545520067
548 17.837500000000006 75.6875 2836855.8586616516
549 21.637499999999989 92.112500000000011 2835964.4948959351
550 16.045833333333334 80.145833333333314 2833446.8803806305
551 34.654166666666661 73.154166666666669 2832508.6802356243
552 26.854166666666664 93.970833333333303 2830898.646756649
553 41.045833333333341 -73.237499999999997 2829937.8197406977
554 -16.579166666666666 -49.212500000000006 2829217.6328072548
555 27.37083333333333 95.012499999999989 2828124.2450788021
556 37.445833333333333 118.09583333333336 2827882.9899930954
557 25.762500000000003 86.662500000000023 2825298.9416451454
558 6.2958333333333343 80.4375 2818284.8990421295
559 5.4791666666666714 100.57083333333333 2815415.505833149
560 24.92916666666666 76.120833333333337 2813065.1678934097
561 18.5625 83.745833333333337 2804656.5605258942
562 27.570833333333333 83.520833333333314 2803903.6710722446
563 15.487499999999997 76.904166666666697 2801805.2304058075
564 0.78750000000000853 35.02916666666664 2799049.153976202
565 21.837499999999991 86.945833333333326 2798441.8837885857
566 26.762499999999996 74.845833333333331 2793996.8244423866
567 24.970833333333331 91.412499999999966 2790603.3418235779
568 23.3125 110.16250000000002 2790166.196205616
569 27.912499999999994 75.237500000000011 2785814.2055556774
570 34.145833333333329 -5.3625000000000114 2785378.9891554713
571 24.837499999999991 73.954166666666652 2784802.7611362934
572 9.8375000000000057 -13.487499999999983 2781203.374569416
573 7.1458333333333286 80.820833333333326 2780713.477540493
574 11.029166666666669 -74.504166666666663 2776245.2209673524
575 26.3125 90.862500000000011 2770581.1202187538
576 14.529166666666669 33.245833333333337 2764081.1357111931
577 51.479166666666664 -2.9625000000000057 2763667.9977786355
578 40.37083333333333 29.304166666666674 2759905.6727012396
579 17.412500000000009 74.270833333333314 2749177.2482917309
580 43.987500000000004 126.1875 2745874.3694084883
581 34.154166666666669 132.67916666666667 2744215.3687598705
582 31.279166666666669 113.79583333333335 2739672.6042044163
583 28.204166666666666 116.63749999999999 2738964.7404198647
584 22.879166666666663 -82.395833333333343 2737411.3638887107
585 40.570833333333333 111.42916666666667 2730104.7030733824
586 -0.58749999999999147 100.49583333333334 2724937.1254415512
587 6.0958333333333314 5.8541666666666572 2720842.3384354115
588 36.6875 101.6875 2716072.7819533348
589 26.770833333333336 76.704166666666652 2710375.9019880295
590 32.87083333333333 119.40416666666664 2710285.2018508911
591 24.045833333333334 109.41250000000002 2708392.9461278915
592 45.604166666666671 4.7374999999999829 2704563.8658056557
593 25.579166666666666 114.71249999999998 2699205.4141440392
594 30.329166666666666 78.020833333333371 2692801.0656096935
595 23.654166666666669 72.95416666666668 2681448.2936692238
596 21.454166666666666 80.137500000000045 2677820.3074564934
597 18.137500000000003 76.820833333333326 2677724.6237711906
598 29.9375 119.98750000000001 2677381.9301776886
599 55.74583333333333 12.545833333333348 2676468.1419531517
600 39.512500000000003 125.96249999999998 2673974.9857048988
601 30.862499999999997 119.86250000000001 2673678.8084917068
602 42.99583333333333 141.44583333333333 2668944.3065340519
603 20.920833333333334 76.179166666666674 2667427.5083925724
604 5.5041666666666629 7.6374999999999886 2657832.9965147972
605 13.379166666666663 123.42916666666667 2652987.7461271286
606 35.49583333333333 126.94583333333333 2650176.278488636
607 0.12916666666666288 29.395833333333343 2650124.9175751209
608 -1.2458333333333371 -48.170833333333348 2649479.7364150286
609 40.079166666666666 124.77916666666664 2648770.3175681829
610 30.295833333333334 73.804166666666674 2648151.6963267326
611 6.0208333333333286 38.254166666666691 2646786.3446784019
612 34.179166666666667 113.22083333333336 2643779.1418786049
613 20.5625 -100.70416666666667 2641713.4553678036
614 35.404166666666661 138.87083333333334 2633198.864566803
615 21.895833333333329 81.579166666666652 2631287.4995412827
616 30.412499999999994 47.904166666666669 2627451.8339061737
617 28.012500000000003 69.137500000000017 2626515.7263138294
618 33.345833333333331 117.77083333333331 2626469.0571980476
619 51.945833333333333 8.2375000000000114 2616044.6920137107
620 26.12916666666667 73.32916666666668 2607908.2085654736
621 40.970833333333339 120.91250000000002 2600998.1623010635
622 20.637500000000003 74.420833333333348 2598502.4598543644
623 24.387499999999989 85.579166666666708 2595953.1895666122
624 36.045833333333334 140.37916666666666 2591871.8057935238
625 35.49583333333333 118.37083333333334 2587055.4552059174
626 33.387500000000003 113.0625 2575679.8471810818
627 51.520833333333329 0.84583333333333144 2567665.8199346811
628 38.429166666666667 68.337500000000006 2566918.2043918371
629 27.454166666666666 105.0625 2566590.6057393551
630 27.995833333333337 114.72916666666669 2565053.5250940323
631 44.94583333333334 7.7541666666666629 2563501.9711772501
632 31.75416666666667 76.495833333333337 2561565.6364645958
633 32.295833333333327 116.09583333333336 2559074.9627993107
634 9.6625000000000085 8.6708333333333485 2556079.8584882021
635 22.762500000000003 109.48750000000001 2547393.537003994
636 54.787500000000001 -1.5124999999999886 2542433.1888745315
637 28.795833333333334 112.9041666666667 2539915.9854261875
638 18.67916666666666 78.512499999999989 2538364.0005044937
639 48.304166666666667 37.729166666666686 2537248.6915854216
640 -7.0958333333333314 113.54583333333335 2528985.6958684921
641 27.787499999999994 106.65416666666664 2528269.0207183361
642 18.887500000000003 105.5625 2527694.175055027
643 35.654166666666669 -0.19583333333332575 2524210.5029094815
644 21.837499999999991 111.21249999999998 2521836.750638485
645 34.970833333333339 36.362500000000011 2520294.5549463034
646 18.204166666666666 -66.229166666666671 2507419.744430244
647 6.9541666666666657 8.9708333333333599 2504754.3314490318
648 33.00416666666667 35.345833333333303 2502937.9285998344
649 53.979166666666671 28.045833333333348 2495052.0767539144
650 10.079166666666666 78.804166666666674 2491704.7447757721
651 43.345833333333339 77.045833333333348 2484122.1934477091
652 34.729166666666664 110.74583333333334 2464359.8501205444
653 8.0625 38.079166666666652 2463385.8664391041
654 38.112500000000004 140.59583333333336 2461792.416519165
655 41.279166666666669 -81.712500000000006 2453559.0276951715
656 17.212500000000006 79.9375 2450772.8178071976
657 26.570833333333333 111.6875 2439104.4788808823
658 4.67916666666666 -75.512499999999989 2438206.8566581607
659 38.695833333333333 115.04583333333335 2430993.37938416
660 39.354166666666671 66.837500000000006 2427328.1642559767
661 37.229166666666664 37.0625 2427056.2346913815
662 23.69583333333334 75.179166666666646 2425793.9554243088
663 28.612499999999997 -81.445833333333326 2425527.2163178921
664 11.904166666666669 9.1041666666666856 2425429.9228668213
665 29.887499999999996 70.745833333333337 2422803.1576395035
666 13.112499999999997 5.2375000000000114 2418283.7074010372
667 9.5375000000000085 105.63749999999999 2414132.3618450165
668 41.545833333333334 60.712500000000006 2408351.578279376
669 40.087499999999999 119.26250000000005 2405637.3606264591
670 36.770833333333329 35.012499999999989 2403561.767770052
671 13.620833333333337 77.179166666666674 2398364.7609930038
672 29.354166666666664 75.412499999999994 2394926.6651313305
673 35.179166666666667 112.72083333333336 2392889.8562386036
674 32.74583333333333 70.92083333333332 2392123.66634655
675 7.7874999999999943 36.879166666666663 2389384.2714672089
676 23.1875 84.920833333333348 2386349.4321770668
677 34.895833333333336 105.75416666666666 2385910.9373207092
678 15.979166666666657 77.679166666666674 2377438.6104650497
679 19.404166666666669 74.82916666666668 2377003.0758576393
680 23.770833333333329 79.154166666666697 2374153.4883084297
681 21.454166666666666 71.92083333333332 2371155.822488308
682 18.945833333333326 -99.012500000000003 2360073.3905696273
683 11.370833333333337 78.879166666666663 2358541.2860517502
684 37.720833333333339 46.20416666666668 2356262.191757679
685 59.487499999999997 17.770833333333314 2354201.5857730983
686 38.612499999999997 -90.370833333333337 2352756.0152356848
687 25.69583333333334 88.495833333333337 2352150.4430074692
688 40.645833333333336 71.112500000000011 2346823.2348675728
689 40.770833333333336 72.854166666666657 2342549.9536963701
690 21.870833333333337 75.9375 2338458.4929320812
691 50.129166666666663 14.620833333333309 2337237.2542241514
692 7.0291666666666686 7.6458333333333428 2336792.4725012779
693 29.470833333333339 111.77916666666664 2332077.6454474926
694 10.870833333333337 14.037499999999994 2329082.1378705502
695 45.329166666666666 -122.75416666666666 2328704.6714823479
696 32.820833333333333 130.32083333333333 2327578.0609092712
697 30.237499999999997 103.3458333333333 2322375.6227185726
698 17.137500000000003 77.170833333333348 2310392.2712841034
699 27.00416666666667 88.362500000000011 2308452.1870162487
700 35.8125 113.99583333333334 2308105.3559222221
701 21.579166666666666 74.554166666666674 2306793.3945543766
702 39.279166666666669 -0.35416666666665719 2305003.6828959286
703 31.720833333333331 -106.41249999999999 2302855.6106057763
704 28.245833333333337 81.245833333333337 2302690.5488331318
705 34.887499999999996 138.05416666666667 2301753.2771372795
706 15.737499999999997 108.2208333333333 2299564.4851946831
707 3.1875 31.054166666666674 2299242.1201901436
708 19.662499999999994 -72.537500000000009 2297487.2148763537
709 37.970833333333339 113.87083333333334 2290119.5027554035
710 32.945833333333333 120.27083333333331 2289827.4821836948
711 16.662499999999994 95.520833333333314 2288347.172390461
712 50.662500000000001 7.6041666666666856 2284748.8580213487
713 53.329166666666666 49.745833333333337 2283217.0909473151
714 36.620833333333337 6.6458333333333428 2282932.1882742643
715 26.829166666666673 78.487500000000011 2281884.5835461617
716 50.979166666666671 -1.4874999999999829 2280768.8136452213
717 21.154166666666669 109.98750000000001 2279968.3940043449
718 25.745833333333337 112.72916666666663 2279659.637321949
719 44.970833333333331 20.137499999999989 2275380.4621967077
720 27.320833333333333 112.47916666666663 2274958.7453656197
721 11.237499999999997 37.512499999999989 2271876.5991826057
722 10.487499999999997 77.712499999999977 2270619.6968827248
723 26.412500000000001 105.55416666666667 2267325.8454465866
724 29.270833333333336 121.05416666666667 2260795.4600138664
725 38.787500000000001 -121.40416666666667 2259108.717072675
726 23.795833333333334 117.08749999999998 2257702.8731966019
727 43.437499999999993 5.7208333333333314 2256423.8056899011
728 36.237499999999997 -115.1875 2255796.8245562389
729 34.579166666666666 116.26249999999999 2254552.3161673546
730 8.2208333333333314 124.52916666666664 2252078.5543327332
731 43.720833333333339 10.754166666666663 2251430.2336126566
732 26.170833333333334 115.74583333333334 2251147.8775472641
733 16.512500000000003 75.487500000000011 2250357.2577872276
734 19.454166666666666 -70.620833333333337 2248497.6842887402
735 21.037499999999994 83.670833333333292 2246736.7061915398
736 52.3125 10.004166666666663 2246426.6795404479
737 -27.595833333333317 153.17916666666667 2244076.8004426956
738 3.0541666666666742 99.412499999999966 2241713.3859033585
739 -3.2291666666666572 -60.254166666666663 2241140.9675496817
740 41.712499999999999 121.67916666666667 2240488.7255526781
741 30.654166666666669 71.329166666666652 2237538.3777792454
742 14.537500000000009 -16.07916666666668 2232634.5183258057
743 13.0625 101.1541666666667 2228147.033853054
744 24.587499999999991 93.770833333333314 2224373.9288086891
745 10.504166666666663 7.7708333333333144 2224187.4482073784
746 18.237499999999997 74.837499999999977 2223944.1809632778
747 23.104166666666671 111.36249999999995 2223197.2610907555
748 15.254166666666663 39.304166666666674 2215738.9801204205
749 31.662500000000001 107.08749999999998 2215309.3427433968
750 50.279166666666661 36.329166666666652 2206474.4394620061
751 44.8125 11.095833333333331 2205152.9916382134
752 0.82083333333333997 33.420833333333348 2204572.5161290169
753 34.320833333333333 74.1875 2194671.3658049107
754 13.162499999999994 76.112500000000011 2194399.7369971275
755 35.837499999999999 -5.5291666666666686 2192900.0031143725
756 36.94583333333334 111.8458333333333 2192160.0118162632
757 29.545833333333327 -98.395833333333329 2192093.5306771845
758 39.420833333333334 -84.337499999999991 2191873.3468158841
759 46.37083333333333 125.11250000000001 2168291.8614994287
760 5.7291666666666714 10.304166666666674 2167500.5050933361
761 26.195833333333333 68.545833333333348 2165924.53206563
762 4.9041666666666686 8.1708333333333485 2159087.9337611198
763 25.270833333333329 79.6875 2158702.9073925018
764 38.00416666666667 115.53750000000002 2156510.2414236069
765 6.4541666666666657 125.0958333333333 2152986.1351976395
766 21.837499999999991 73.095833333333331 2148934.2600893974
767 24.845833333333331 90.104166666666686 2148675.0456414223
768 42.612499999999997 123.6541666666667 2146372.1439665556
769 12.054166666666674 -86.237499999999997 2145630.3175289631
770 34.387500000000003 70.445833333333326 2144952.4771814346
771 21.970833333333331 112.01249999999999 2144712.9191761017
772 25.095833333333331 110.37083333333334 2143666.8178458214
773 -0.99583333333333712 29.920833333333348 2141542.9205436707
774 -3.9208333333333343 39.612500000000011 2140909.3049035072
775 19.204166666666666 -97.0625 2140691.6913214028
776 26.054166666666667 84.304166666666674 2140683.0583350658
777 18.954166666666666 76.162500000000023 2139429.9552021027
778 35.24583333333333 -80.879166666666663 2135947.0705576837
779 32.412500000000001 114.17916666666667 2135484.5384318829
780 31.0625 114.97083333333336 2134903.1278820038
781 47.479166666666664 9.1791666666666458 2133316.8780475259
782 20.012500000000003 -98.962500000000006 2123813.3362168074
783 36.545833333333334 4.0541666666666458 2123334.8091127872
784 16.704166666666666 77.879166666666663 2123154.9182133675
785 32.354166666666664 71.887500000000017 2123064.1753168106
786 36.529166666666669 52.745833333333309 2122280.8583877087
787 32.187499999999993 118.44583333333333 2116823.1237876415
788 49.395833333333336 6.5374999999999943 2115955.5984540433
789 17.987499999999997 77.854166666666686 2114895.8983802795
790 23.670833333333334 76.587499999999977 2113479.8324103355
791 14.637500000000003 43.287500000000023 2111658.8422467709
792 9.9041666666666686 -69.279166666666669 2110028.7861195803
793 25.537499999999994 51.495833333333337 2108700.534232378
794 40.579166666666659 115.1875 2107667.5173844099
795 26.437499999999993 104.46249999999998 2107327.5654916763
796 14.545833333333334 79.837500000000034 2104489.55555439
797 52.287500000000001 -0.36249999999998295 2103636.236551486
798 9.0541666666666742 -79.645833333333329 2100875.6026756763
799 9.0458333333333343 40.845833333333331 2100042.3636007309
800 26.829166666666673 80.120833333333337 2100004.5126945972
801 12.145833333333343 14.804166666666646 2099850.6299960613
802 22.320833333333326 74.779166666666669 2099556.0316708088
803 19.970833333333331 82.895833333333314 2099437.4935154915
804 30.262500000000003 116.62916666666666 2096881.7239322662
805 -8.1208333333333371 114.1875 2095373.6729412079
806 1.9375 30.320833333333326 2093775.4619297981
807 48.154166666666669 34.995833333333337 2091737.9737248421
808 40.12083333333333 44.370833333333337 2089348.5439457893
809 37.4375 120.76249999999999 2087891.7543466091
810 39.537499999999994 127.48750000000001 2083352.491158247
811 26.00416666666667 -97.904166666666669 2080072.1418632418
812 -3.2041666666666799 114.72083333333336 2073799.4874334335
813 25.1875 104.02083333333331 2073030.7825455666
814 20.779166666666669 85.337499999999977 2070735.3077397346
815 9.3625000000000114 76.754166666666663 2068268.8137760162
816 14.412500000000009 44.220833333333331 2067828.8052425385
817 9.1541666666666686 77.612499999999955 2066977.0586776733
818 21.162499999999994 70.52916666666664 2064953.004847765
819 31.295833333333334 118.92916666666667 2061811.1348743439
820 15.162500000000009 75.362499999999983 2059367.7897577286
821 41.454166666666666 122.92083333333335 2057647.4570555687
822 29.770833333333336 52.637499999999989 2056230.8698575497
823 26.520833333333336 31.895833333333343 2056162.4105021954
824 22.154166666666669 85.804166666666674 2053179.241063118
825 -17.69583333333334 -63.279166666666669 2052479.704541564
826 41.820833333333326 -72.687499999999986 2049980.1824111491
827 11.487499999999997 9.8624999999999829 2049398.3607287407
828 38.25416666666667 -0.90416666666666856 2047632.7100825608
829 30.779166666666669 111.36249999999995 2043261.1228904724
830 34.487499999999997 111.91249999999997 2037788.1232249737
831 6.4875000000000114 6.6208333333333371 2037003.7221230268
832 31.74583333333333 -7.6708333333333201 2036754.3027519584
833 21.779166666666669 109.34583333333336 2034834.3323602676
834 19.479166666666671 -99.979166666666671 2034635.8965073377
835 22.44583333333334 84.537499999999966 2032463.2019982338
836 27.12916666666667 114.74583333333334 2032458.4410872459
837 -3.3625000000000114 37.037499999999994 2029332.7893328667
838 23.170833333333334 91.645833333333314 2029042.0441622734
839 29.612500000000004 113.73750000000001 2025996.981000185
840 33.154166666666669 107.10416666666663 2022847.8319764137
841 32.795833333333334 12.929166666666674 2020881.8417851925
842 34.604166666666664 107.0625 2017123.9595601559
843 30.829166666666666 112.42083333333335 2012206.5999224186
844 12.737499999999997 8.6124999999999829 2010473.3416774273
845 31.079166666666666 73.587500000000006 2010142.6756358147
846 7.0041666666666629 124.52083333333337 2004888.8264398575
847 34.362499999999997 -118.82916666666667 2002434.2628925554
848 30.55416666666666 32.029166666666669 2001453.4118062258
849 10.720833333333331 107.19583333333333 1999296.8587222099
850 52.229166666666664 6.5374999999999943 1997401.2125352323
851 24.887500000000003 78.479166666666629 1997013.7132136822
852 36.362499999999997 5.0208333333333428 1990480.0554890633
853 12.429166666666674 6.5208333333333144 1988890.908089757
854 -3.8875000000000028 29.820833333333326 1988194.3344614506
855 14.537500000000009 100.52083333333337 1985055.3954167366
856 47.4375 39.979166666666657 1983674.2070623636
857 56.262500000000003 43.520833333333314 1983244.8606070429
858 7.8291666666666657 -72.237499999999997 1981053.3506495953
859 44.737499999999997 126.69583333333333 1980014.3906729221
860 10.17916666666666 11.345833333333331 1979417.7800278664
861 -26.554166666666674 27.637500000000017 1979056.8371126652
862 29.762499999999996 121.97083333333336 1972942.0615582466
863 -20.287499999999994 -40.537499999999994 1972576.1322729588
864 51.012500000000003 12.45416666666668 1970100.1431296766
865 42.729166666666671 -88.07916666666668 1967833.3563370556
866 45.37916666666667 10.462500000000006 1967134.3294753432
867 -34.579166666666666 -56.137500000000003 1964492.8218412399
868 21.67916666666666 83.179166666666674 1961847.5649609566
869 -16.312499999999986 -68.379166666666677 1960678.2194933891
870 28.07083333333334 77.654166666666697 1958756.9883613586
871 2.3958333333333286 45.20416666666668 1958249.7024288177
872 25.579166666666666 74.854166666666686 1956036.1856250763
873 36.895833333333329 42.679166666666646 1954726.1523960829
874 26.937500000000007 113.3125 1953408.0071249008
875 -31.337500000000006 -64.1875 1951426.5931428671
876 19.120833333333337 82.34583333333336 1946928.745880127
877 11.4375 39.57916666666668 1946445.9767985344
878 -0.41250000000000853 37.320833333333354 1942575.6277368069
879 32.912500000000001 111.67916666666667 1941711.6858870983
880 20.095833333333331 77.895833333333314 1940018.2316627502
881 29.12916666666667 106.70416666666665 1939599.7675273418
882 13.295833333333334 78.420833333333348 1935591.6799488068
883 46.970833333333331 130.24583333333334 1931592.0338963866
884 27.912499999999994 109.80416666666667 1929621.2864148617
885 17.32083333333334 82.445833333333326 1929452.2766232491
886 49.887500000000003 20.395833333333343 1926657.3334644139
887 39.004166666666663 -94.770833333333329 1923153.1322562099
888 24.30416666666666 77.412499999999966 1921324.4814679623
889 25.429166666666674 69.42083333333332 1917715.8718674183
890 40.487500000000004 -79.970833333333331 1911833.3613918275
891 6.5958333333333314 -10.545833333333348 1910668.3136383295
892 37.212499999999999 49.787499999999994 1909736.1524993181
893 22.712500000000006 89.595833333333303 1907237.2755689621
894 48.3125 7.7541666666666629 1906352.6469510198
895 43.029166666666669 124.67916666666667 1905249.0431208611
896 34.887499999999996 136.17916666666667 1898801.7222344875
897 7.7791666666666686 39.270833333333343 1898263.2425847054
898 -2.0625 30.537500000000023 1896428.2696449757
899 30.345833333333331 -9.2541666666666629 1890834.2701095343
900 34.279166666666669 119.57083333333333 1890712.6243050098
901 56.987499999999997 60.495833333333337 1890394.5574609637
902 8.8708333333333371 38.054166666666646 1890182.7915699482
903 18.145833333333329 -77.137500000000003 1889509.5962740183
904 8.7208333333333314 -13.029166666666669 1885878.3527755737
905 46.204166666666666 6.4625000000000057 1885393.1607379913
906 46.862500000000004 127.01249999999999 1882766.1446195245
907 38.154166666666661 125.5625 1880076.5275375843
908 54.929166666666667 82.870833333333337 1871933.6679647267
909 21.970833333333331 78.537500000000023 1871146.4178199768
910 12.520833333333329 79.762499999999989 1871067.0391764641
911 18.079166666666666 -93.162500000000009 1861884.9400473833
912 27.237500000000004 103.97916666666669 1861391.7790470123
913 26.012500000000003 75.979166666666657 1857821.3371303082
914 10.595833333333331 38.029166666666697 1856886.6475753784
915 30.079166666666666 105.61250000000001 1854233.7892038822
916 40.795833333333327 30.237500000000011 1853764.5310351849
917 0.55416666666667425 101.27083333333337 1853005.2084236145
918 32.837499999999999 44.370833333333337 1852165.1255967617
919 14.795833333333334 78.729166666666629 1851078.3867092133
920 12.80416666666666 108.16250000000002 1850483.4614286423
921 -26.670833333333334 -48.870833333333337 1847890.4603192806
922 -2.7708333333333428 32.954166666666652 1844947.8891634941
923 32.195833333333333 117.53749999999997 1844664.7911291122
924 45.487500000000004 130.71250000000003 1841708.1296365261
925 39.854166666666671 -86.037499999999994 1835535.3428304046
926 33.204166666666666 75.320833333333326 1833751.8592627048
927 49.545833333333334 11.029166666666669 1831717.3030161858
928 17.612499999999997 95.420833333333292 1830255.929775238
929 22.737499999999997 71.237499999999983 1829298.1986835003
930 51.9375 -1.7541666666666629 1829264.7840982266
931 15.154166666666669 76.137499999999989 1828178.505273819
932 -6.9791666666666714 112.79583333333335 1827519.5550289154
933 -25.487500000000011 27.895833333333343 1827265.3315541744
934 33.720833333333331 115.79583333333335 1826897.639718771
935 30.337499999999999 -97.695833333333326 1826819.8972457647
936 47.420833333333334 123.47083333333336 1823593.9241218567
937 23.779166666666669 115.02916666666664 1821742.4258117676
938 53.362499999999997 -6.6124999999999829 1819936.5883061616
939 31.279166666666669 70.870833333333309 1817472.3562107086
940 30.870833333333337 118.04583333333335 1816487.3403911591
941 27.170833333333334 82.445833333333326 1815081.7981698513
942 19.879166666666663 76.820833333333326 1815048.5908582211
943 -0.24583333333332291 36.120833333333309 1814639.2217442989
944 -32.020833333333343 115.84583333333336 1814289.7118730545
945 25.462500000000006 104.79583333333335 1812333.3495187759
946 39.987499999999997 -82.8125 1809737.9998580068
947 28.929166666666667 118.7791666666667 1809561.9917197227
948 12.8125 77.129166666666663 1806999.4376649857
949 39.837500000000006 64.529166666666669 1803896.2074985504
950 15.054166666666674 77.654166666666697 1803775.7872400284
951 18.862499999999997 77.754166666666663 1802686.259885788
952 15.454166666666666 -87.987500000000011 1802153.5847542882
953 25.887500000000003 93.004166666666663 1799655.4274721146
954 16.0625 43.595833333333331 1798995.6795508862
955 22.979166666666671 85.90416666666664 1796663.2191176414
956 40.487500000000004 -111.82083333333333 1793674.3033949696
957 33.69583333333334 71.120833333333366 1792970.3033697605
958 7.7625000000000028 80.295833333333348 1791796.0478863716
959 25.529166666666669 85.370833333333337 1790961.0752859116
960 25.587500000000006 100.46249999999998 1786700.8279380798
961 19.895833333333329 78.954166666666708 1783601.9717936516
962 36.5625 136.9041666666667 1782959.6275961399
963 42.279166666666669 21.237500000000011 1782276.9602549672
964 24.379166666666663 74.745833333333309 1778628.2941913605
965 20.870833333333337 80.987500000000011 1777815.5293302536
966 17.370833333333337 79.145833333333314 1776598.5284333229
967 23.029166666666669 81.954166666666652 1776272.4253206253
968 39.329166666666666 76.27916666666664 1774523.4351032972
969 22.737499999999997 69.937499999999972 1773629.4148440361
970 35.445833333333333 115.23750000000001 1773446.5510129929
971 -12.820833333333326 28.387499999999989 1772935.1393785477
972 16.629166666666663 97.629166666666663 1772598.6828775406
973 12.279166666666669 9.9708333333333599 1770332.0819687843
974 24.504166666666663 113.55416666666667 1766023.3796243668
975 25.604166666666671 78.02916666666664 1763466.6571555138
976 35.762500000000003 -78.67916666666666 1763018.9224899113
977 -6.0874999999999915 -35.412499999999994 1759559.9856619835
978 34.887499999999996 134.53750000000002 1754982.8573722839
979 34.862500000000004 71.362500000000011 1754713.2196917534
980 53.287500000000001 -0.83749999999997726 1745832.0036540776
981 50.987500000000004 0.020833333333342807 1741746.6540254503
982 29.637499999999996 74.40416666666664 1741586.086322546
983 40.1875 69.304166666666646 1741466.7938792706
984 22.55416666666666 110.77916666666664 1737737.8235940933
985 22.254166666666663 108.8125 1735322.5850858688
986 36.57083333333334 7.7125000000000057 1734718.0815481544
987 12.279166666666669 75.504166666666663 1732707.5245990753
988 26.854166666666664 73.762500000000017 1731546.3484737873
989 2.4624999999999915 31.112499999999983 1731321.3606507778
990 27.92916666666666 84.270833333333314 1730280.1239511967
991 8.2041666666666657 123.51249999999999 1730257.088224411
992 13.470833333333331 2.4624999999999773 1728549.0678714514
993 37.045833333333334 -6.0041666666666629 1728344.3212268054
994 12.620833333333337 37.45416666666668 1727841.833994627
995 21.745833333333323 84.029166666666697 1724609.7816090584
996 43.204166666666666 -2.5124999999999886 1722450.1609998345
997 24.012500000000003 102.72083333333336 1721631.3178024292
998 15.579166666666666 74.020833333333314 1717366.3706066608
999 27.92916666666666 73.612499999999983 1717261.5552895069
1000 32.704166666666673 113.37083333333334 1710902.4660651684
1001 -7.1958333333333258 -35.154166666666669 1709673.7896823883
1002 -0.37083333333332291 30.395833333333343 1709390.7841217518
1003 39.945833333333333 122.13749999999999 1707080.8142040968
1004 6.6125000000000114 37.70416666666668 1705598.432091713
1005 29.095833333333331 104.30416666666667 1699629.3863203526
1006 40.279166666666661 -74.4375 1698902.3273020089
1007 25.645833333333329 111.88749999999999 1698489.7913031578
1008 53.212499999999999 8.4375 1696475.2479307875
1009 13.737499999999997 99.804166666666674 1695215.317132473
1010 16.912499999999994 -92.82083333333334 1692694.0276466608
1011 41.429166666666667 45.070833333333326 1692306.2225966454
1012 29.529166666666661 72.154166666666669 1687188.4794077873
1013 27.504166666666663 76.737500000000011 1685262.2872703075
1014 36.479166666666671 36.020833333333343 1683924.3721108437
1015 41.062500000000007 19.754166666666663 1683648.3614693284
1016 50.995833333333337 16.6875 1681719.2025985122
1017 31.520833333333336 48.520833333333343 1681036.6663746834
1018 5.8791666666666629 102.1875 1673301.194185257
1019 31.895833333333336 113.08750000000003 1673255.9168405533
1020 21.262500000000003 106.53749999999997 1672750.2902431488
1021 50.8125 13.687499999999972 1669982.5622093379
1022 11.387500000000003 106.42083333333329 1667614.5374450684
1023 -9.5291666666666686 -36.079166666666652 1666478.6419202089
1024 32.87916666666667 110.83750000000003 1663847.7040171623
1025 -1.0791666666666657 34.42083333333332 1662163.8401832581
1026 5.2291666666666714 -1.5958333333333314 1661931.0728849173
1027 0.020833333333328596 35.345833333333303 1661083.3172636032
1028 -23.062500000000014 -45.695833333333326 1660282.4528172016
1029 6.9541666666666657 1.9291666666666742 1659617.1064926386
1030 31.979166666666664 73.662499999999994 1657486.7093832493
1031 33.070833333333333 73.154166666666669 1656982.6564719677
1032 24.987499999999997 72.70416666666668 1656731.2411398888
1033 29.537500000000001 78.712499999999977 1654286.5154600143
1034 23.104166666666671 73.495833333333337 1653410.7670710087
1035 -2.7458333333333371 -44.337500000000006 1652290.961889267
1036 21.729166666666657 95.129166666666663 1649855.9632263184
1037 42.904166666666669 23.295833333333348 1647278.5466554761
1038 16.879166666666663 81.304166666666674 1646020.2418189049
1039 25.395833333333329 92.02916666666664 1644079.7770857811
1040 41.829166666666666 -71.070833333333326 1643570.0123770535
1041 42.854166666666664 74.779166666666669 1643193.7261161804
1042 4.5291666666666686 100.8458333333333 1641438.9779653549
1043 26.037500000000001 83.387499999999989 1640981.4740741253
1044 28.120833333333337 112.0958333333333 1639991.6633727551
1045 49.604166666666671 23.6875 1639865.6302039027
1046 37.654166666666661 110.70416666666665 1639242.5669927597
1047 46.954166666666666 29.112499999999983 1638256.8212222457
1048 26.695833333333333 119.69583333333333 1638225.4054727554
1049 12.154166666666669 12.995833333333337 1638151.9472589493
1050 36.070833333333333 1.2874999999999943 1634342.130987227
1051 23.237499999999997 82.987499999999955 1634201.9080119133
1052 26.812500000000007 87.0625 1632977.7994337082
1053 0.0625 37.84583333333336 1627572.2822508812
1054 0.47083333333333144 30.32916666666668 1623796.1986382008
1055 36.379166666666663 138.24583333333334 1619460.235897541
1056 23.045833333333334 78.395833333333314 1618968.8932771683
1057 12.270833333333343 4.3625000000000114 1616675.7705237865
1058 -23.354166666666671 -51.54583333333332 1614992.098626256
1059 11.19583333333334 124.72083333333336 1614260.0630235672
1060 9.4958333333333371 78.487500000000011 1611184.4363670349
1061 20.020833333333329 -101.33750000000001 1611043.0937010795
1062 23.829166666666666 80.704166666666652 1610847.8553266525
1063 11.845833333333331 37.95416666666668 1610146.463902235
1064 22.595833333333331 91.195833333333326 1609778.5708904266
1065 15.370833333333337 79.712499999999977 1607596.8413758278
1066 14.44583333333334 76.72083333333336 1602264.8895545006
1067 48.495833333333337 9.7958333333333201 1601083.2731023431
1068 31.19583333333334 46.337500000000006 1599500.0062704086
1069 10.337499999999991 -75.1875 1598507.2396918535
1070 35.587499999999999 10.5625 1598144.657404542
1071 13.470833333333331 8.8291666666666799 1597652.1463775635
1072 33.670833333333334 117.2791666666667 1596504.3974015713
1073 41.962500000000006 119.13749999999999 1596462.7616734505
1074 51.720833333333331 19.520833333333314 1595198.8408379555
1075 27.745833333333337 110.79583333333335 1593526.8507447243
1076 36.795833333333334 114.04583333333335 1593231.2352488041
1077 12.279166666666669 7.6124999999999829 1591253.8151720762
1078 44.462499999999999 129.33749999999998 1590794.9701254368
1079 -8.0124999999999886 111.12916666666666 1590432.9460992813
1080 7.8541666666666572 5.3708333333333371 1588329.6447626352
1081 38.820833333333333 116.7791666666667 1586799.6793885231
1082 37.612500000000004 139.07916666666665 1585585.3621580601
1083 -0.38750000000000284 31.554166666666674 1585016.0394806862
1084 -7.5625 108.40416666666664 1584458.4013872147
1085 22.979166666666671 114.86250000000001 1581412.2600941658
1086 16.895833333333329 121.67916666666667 1578638.7402544022
1087 25.612499999999997 -103.37083333333332 1578048.4370756894
1088 36.995833333333337 -76.404166666666669 1577901.1968336701
1089 38.729166666666664 112.87916666666666 1575651.2489827871
1090 18.029166666666669 78.770833333333371 1574495.8829464912
1091 29.112500000000004 116.12083333333334 1573455.1944360733
1092 13.829166666666666 5.6458333333333428 1571186.5963318348
1093 45.120833333333337 125.20416666666671 1570486.9019984007
1094 6.9791666666666714 3.9125000000000227 1569874.1833312511
1095 34.954166666666659 -1.6124999999999829 1568491.3083454967
1096 -33.05416666666666 -60.487499999999997 1567383.1918873787
1097 50.354166666666664 4.3458333333333599 1565236.9292560518
1098 23.720833333333331 112.19583333333333 1561588.5363273621
1099 59.595833333333331 10.762500000000017 1553903.6127946931
1100 2.2874999999999943 32.712500000000006 1553176.6083920002
1101 42.754166666666663 129.92083333333335 1552300.9951817989
1102 -23.479166666666671 -47.67083333333332 1549203.6090790033
1103 35.612500000000004 36.237499999999983 1548998.1001425982
1104 24.045833333333334 78.237500000000011 1548715.9819030762
1105 15.587500000000006 78.3125 1544469.0585846901
1106 10.987499999999997 36.904166666666669 1543720.0952677727
1107 14.087500000000006 -87.545833333333348 1543702.528691709
1108 60.37083333333333 24.820833333333354 1542677.6564009255
1109 0.28750000000000853 32.179166666666646 1541838.8734469414
1110 42.637500000000003 125.8125 1539679.2925179005
1111 19.579166666666666 109.5291666666667 1539559.548350811
1112 46.104166666666664 16.029166666666669 1537431.7171579599
1113 21.487499999999997 73.704166666666652 1536946.5171086788
1114 9.07083333333334 -75.679166666666674 1536572.0750799179
1115 24.462499999999991 71.604166666666657 1536347.3053967953
1116 27.329166666666666 105.87916666666666 1535870.574514389
1117 27.779166666666669 78.895833333333314 1535218.0163202286
1118 22.370833333333337 79.829166666666652 1534770.2640738487
1119 40.779166666666661 17.070833333333326 1534497.6114687324
1120 31.429166666666667 75.97083333333336 1534324.0387160778
1121 37.029166666666669 117.45416666666665 1533825.7401249409
1122 18.537499999999994 99.212499999999977 1533646.603787899
1123 1.3375000000000057 124.8458333333333 1533087.5112771988
1124 33.854166666666671 72.320833333333354 1532225.9161105156
1125 31.954166666666666 71.137500000000017 1532181.4594278336
1126 -0.57916666666666572 117.14583333333331 1531303.5950298309
1127 -10.904166666666654 -37.4375 1530515.0357284546
1128 25.645833333333329 94.029166666666697 1527351.3671708107
1129 35.429166666666667 107.94583333333333 1526259.8272492886
1130 17.754166666666677 102.77083333333337 1525612.1570982933
1131 48.720833333333331 44.629166666666663 1525297.056963861
1132 23.245833333333337 72.229166666666686 1524641.0002844334
1133 13.587499999999991 -16.429166666666674 1522686.834174037
1134 55.104166666666671 61.012499999999989 1521980.9136101902
1135 24.195833333333326 90.495833333333337 1517232.6758165359
1136 36.154166666666669 118.38749999999999 1516398.7165849209
1137 54.262499999999996 18.495833333333309 1513330.1758482344
1138 28.154166666666669 68.1875 1512966.9551451206
1139 23.612499999999997 58.179166666666674 1512713.4101874828
1140 38.804166666666667 65.82916666666668 1511588.97618258
1141 5.5875000000000057 -0.9375 1510781.005253911
1142 16.354166666666657 76.654166666666697 1509202.2143058777
1143 9.9375 38.787499999999994 1509086.4367332458
1144 19.045833333333334 79.237500000000011 1507964.4925589561
1145 -36.929166666666674 174.77083333333331 1507915.048625946
1146 36.6875 115.00416666666666 1507072.4982302189
1147 25.912500000000009 74.004166666666663 1505130.7193763256
1148 46.545833333333334 30.287500000000023 1504652.5316827297
1149 55.854166666666664 48.695833333333326 1503985.3299983069
1150 18.537499999999994 95.40416666666664 1502625.619187355
1151 13.370833333333323 7.3958333333333428 1500893.5849704742
1152 30.712500000000006 104.9708333333333 1500832.9999539852
1153 1.55416666666666 33.79583333333332 1499786.2333188057
1154 40.220833333333331 -76.387499999999989 1497408.9222064167
1155 24.587499999999991 111.20416666666665 1496504.8552556038
1156 18.029166666666669 74.0625 1495982.7280564308
1157 22.604166666666671 77.345833333333303 1495939.7198371887
1158 43.729166666666664 1.7124999999999773 1494163.0070883334
1159 23.404166666666669 103.0625 1493786.3817739487
1160 26.070833333333333 78.97083333333336 1492033.5836966038
1161 36.920833333333334 69.120833333333309 1491904.6638486385
1162 17.254166666666663 80.545833333333348 1489472.1295080185
1163 48.329166666666666 38.962500000000006 1487518.2338324189
1164 16.637500000000003 79.5625 1487342.5294337273
1165 32.537500000000001 -6.7208333333333314 1487236.1415641308
1166 24.537499999999994 120.8125 1487187.4920611382
1167 11.045833333333334 24.912500000000023 1482389.4379491806
1168 -3.3208333333333258 30.429166666666646 1482076.3896193504
1169 14.095833333333331 109.00416666666666 1481929.4529943466
1170 24.329166666666666 84.754166666666663 1481164.2590765953
1171 11.204166666666666 8.3874999999999886 1478701.156563282
1172 6.7791666666666686 -73.120833333333323 1476189.2935582995
1173 30.145833333333336 106.54583333333335 1474903.4404020309
1174 27.670833333333334 115.62083333333334 1474613.4406681061
1175 49.220833333333331 17.112500000000011 1473776.6555863619
1176 36.112499999999997 -86.6875 1473173.9340960383
1177 18.420833333333334 73.220833333333331 1472883.4933238029
1178 30.329166666666666 108.13749999999999 1469130.5420725346
1179 36.670833333333334 120.88749999999999 1466906.3153855801
1180 22.745833333333337 111.80416666666667 1466887.629029274
1181 9.4958333333333371 12.42083333333332 1465816.5594580173
1182 -17.645833333333329 -66.07083333333334 1464698.0589610338
1183 -21.395833333333329 -48.095833333333331 1463964.8789980412
1184 12.212500000000006 24.545833333333348 1463759.9445471764
1185 -4.3375000000000057 104.88749999999999 1463623.5579891205
1186 34.770833333333336 50.620833333333337 1463053.7040035725
1187 -22.55416666666666 -47.304166666666674 1462639.970927
1188 6.5958333333333314 4.7874999999999943 1462471.2498335838
1189 28.904166666666669 70.712499999999977 1462433.4738984108
1190 36.604166666666671 113.0958333333333 1462037.3249819279
1191 22.962500000000006 76.454166666666652 1461952.4058609009
1192 24.945833333333326 98.895833333333314 1461903.6603884697
1193 31.670833333333334 130.70416666666665 1460413.4137864113
1194 22.195833333333326 -102.1375 1458267.6760771275
1195 13.870833333333337 39.504166666666663 1458195.8197739124
1196 -9.1541666666666686 33.254166666666663 1456949.1439678669
1197 18.962499999999991 84.370833333333337 1456367.9994978905
1198 25.32083333333334 117.9375 1455982.5556297302
1199 22.979166666666671 86.987500000000011 1455941.0645055771
1200 31.862500000000004 115.03750000000002 1455168.9966259003
1201 38.12083333333333 126.54583333333335 1454960.6800510883
1202 20.537500000000009 94.920833333333292 1454858.0770487785
1203 35.25416666666667 44.504166666666663 1453941.5944088697
1204 28.979166666666664 113.64583333333331 1453751.3384006023
1205 36.462500000000006 5.8958333333333428 1453475.196922183
1206 20.779166666666669 79.679166666666674 1452687.593129158
1207 41.404166666666669 120.09583333333336 1451816.3282439709
1208 -4.5958333333333314 29.912499999999994 1451530.1744587421
1209 20.94583333333334 82.787499999999966 1450902.2783164978
1210 39.970833333333331 66.404166666666669 1450119.897420764
1211 26.570833333333333 107.67916666666667 1449474.3225469589
1212 24.154166666666669 75.895833333333343 1449239.4441194534
1213 32.312499999999993 120.82083333333333 1448694.0431420803
1214 40.654166666666661 22.587500000000006 1447548.8728672266
1215 -33.212499999999991 -68.854166666666671 1447341.381993413
1216 50.962499999999999 -113.99583333333334 1443274.0987793508
1217 42.137500000000003 59.795833333333348 1441610.9500416517
1218 11.270833333333329 79.595833333333303 1440533.9178519249
1219 21.520833333333329 77.862499999999955 1439374.8161067963
1220 -5.6458333333333286 22.195833333333326 1438329.076205492
1221 28.587500000000006 75.462500000000006 1437695.5937366486
1222 13.854166666666671 101.0958333333333 1437108.7461953163
1223 46.837500000000006 7.2041666666666515 1436222.5893849134
1224 32.712499999999999 108.91250000000002 1433354.4896104336
1225 4.5874999999999915 33.612500000000011 1432000.2884466648
1226 2.4124999999999943 102.46249999999998 1430547.7893476486
1227 23.662500000000009 113.47083333333336 1429673.4740447998
1228 50.470833333333331 8.7125000000000057 1429197.1171305925
1229 20.179166666666674 -97.412499999999994 1428461.3766677082
1230 42.470833333333331 69.762499999999989 1424816.6804842949
1231 42.962499999999999 -78.787500000000009 1424771.5226580575
1232 28.220833333333331 105.7791666666667 1423442.5852432251
1233 10.495833333333323 39.620833333333337 1420925.1807150841
1234 20.920833333333334 -89.529166666666654 1420919.2561202645
1235 30.495833333333337 67.004166666666663 1420059.8409092426
1236 24.729166666666657 68.429166666666674 1419977.8132703304
1237 34.162500000000001 134.87916666666666 1419977.3762214184
1238 48.012500000000003 106.96250000000003 1419545.7296569943
1239 -7.8458333333333314 26.862500000000011 1416374.6886262894
1240 36.8125 30.97083333333336 1416022.3935079575
1241 33.662499999999994 69.737499999999983 1415855.7686691284
1242 34.462499999999999 46.720833333333331 1415467.2372462749
1243 21.837499999999991 -101.03749999999999 1413807.2875388414
1244 37.804166666666667 13.262499999999989 1413050.7644990683
1245 31.037499999999994 109.42916666666667 1412845.4645962715
1246 38.612499999999997 35.20416666666668 1411789.3819670677
1247 37.854166666666664 15.270833333333343 1411665.29360497
1248 22.637500000000003 95.645833333333371 1409211.5200119019
1249 37.037500000000001 66.954166666666652 1408643.503937006
1250 33.1875 118.58749999999998 1408438.7881088257
1251 45.3125 -75.645833333333343 1407329.0182507373
1252 34.520833333333336 48.437500000000028 1406986.7456624508
1253 46.329166666666666 126.29583333333335 1404604.7321058512
1254 22.804166666666674 80.670833333333348 1404367.7860155106
1255 16.004166666666663 75.912499999999994 1403225.3975477219
1256 9.6041666666666714 13.620833333333309 1401947.2081902027
1257 32.679166666666667 -115.10416666666667 1400554.4915944412
1258 28.529166666666669 76.5625 1399860.8537917137
1259 8.30416666666666 3.4624999999999773 1399485.791924119
1260 16.92916666666666 42.962500000000006 1399056.5220932961
1261 -4.0708333333333258 119.8125 1398890.1821174622
1262 13.920833333333334 38.587500000000006 1395978.9879345894
1263 52.212499999999999 16.695833333333326 1395914.4905405939
1264 8.9708333333333314 35.604166666666657 1395272.2928390503
1265 31.6875 121.61250000000001 1392641.851026535
1266 -6.6708333333333343 111.27083333333331 1386907.1438646317
1267 37.954166666666673 40.65416666666664 1386823.4986126423
1268 -34.962500000000006 138.85416666666663 1386659.0448789597
1269 36.004166666666663 50.17083333333332 1386068.858712554
1270 14.154166666666669 77.9375 1384918.2460317612
1271 27.487499999999997 74.495833333333309 1384322.7288696766
1272 37.829166666666673 69.162499999999966 1384130.6270012856
1273 26.645833333333336 102.03750000000002 1382734.4898142815
1274 -27.104166666666671 -65.370833333333337 1382595.3665885925
1275 51.729166666666664 7.470833333333303 1382485.4740224108
1276 8.6208333333333371 77.995833333333337 1381904.8656888008
1277 0.75416666666667709 31.095833333333331 1379109.6795253754
1278 24.487499999999997 81.795833333333348 1378729.5319256783
1279 44.462499999999999 125.33750000000003 1378484.5686763525
1280 10.020833333333329 123.07083333333333 1377323.2971887589
1281 13.412499999999994 74.995833333333309 1373569.9702730179
1282 9.1458333333333428 105.08749999999998 1372881.9894018173
1283 33.204166666666666 36.3125 1371701.5853186846
1284 36.770833333333329 -4.7125000000000057 1371013.5709522963
1285 11.337500000000006 77.087500000000034 1367314.3478865623
1286 45.25416666666667 39.012499999999989 1365955.1748934984
1287 20.804166666666674 96.262500000000045 1365097.4762535095
1288 52.962499999999999 6.3125 1363409.500987865
1289 29.729166666666664 76.47083333333336 1362431.6597514153
1290 7.4708333333333314 6.8125 1362333.1049340963
1291 26.74583333333333 -80.237499999999997 1361534.039313525
1292 -27.395833333333329 -48.70416666666668 1360218.6456983089
1293 9.3291666666666657 6.2958333333333201 1358694.9195697308
1294 9.3708333333333371 9.4708333333333599 1358501.3828752041
1295 23.629166666666663 91.395833333333314 1358424.7533144951
1296 17.154166666666669 76.15416666666664 1353975.1210575104
1297 37.604166666666664 114.73750000000001 1353694.739995718
1298 37.779166666666661 58.045833333333348 1353200.0967764854
1299 37.137500000000003 79.754166666666663 1352690.5477073193
1300 35.62083333333333 45.762499999999989 1350952.0925630331
1301 7.1041666666666714 35.795833333333348 1350622.0087873936
1302 42.662500000000001 47.354166666666657 1350024.7289015055
1303 34.454166666666666 62.57916666666668 1349951.6376914978
1304 27.12916666666667 75.529166666666669 1349725.3615672588
1305 41.887500000000003 126.16250000000002 1348531.1696037054
1306 34.962499999999999 108.67916666666667 1348324.9842276573
1307 47.045833333333334 -1.4208333333333201 1348232.5749699995
1308 -1.5208333333333286 37.637500000000017 1348167.7216520309
1309 6.8624999999999972 100.39583333333331 1347015.7892246246
1310 24.962499999999991 116.66250000000002 1345353.402285099
1311 51.629166666666663 4.3708333333333371 1344129.0125346854
1312 16.8125 94.995833333333337 1343762.5391602516
1313 28.4375 109.32083333333333 1341621.5638141632
1314 13.654166666666669 -88.529166666666669 1341472.1890764832
1315 -32.837499999999991 -71.262500000000003 1339829.136951685
1316 49.212499999999999 8.1374999999999886 1338556.6779332459
1317 9.9874999999999972 106.38749999999999 1338038.8946442604
1318 11.920833333333334 109.0291666666667 1337996.5217499733
1319 20.470833333333331 76.604166666666686 1337828.3237895966
1320 43.579166666666673 6.9291666666666458 1337156.0296501219
1321 31.329166666666666 74.812499999999972 1336627.0871706009
1322 24.204166666666666 39.620833333333337 1335097.5783131123
1323 54.504166666666663 -6.1541666666666686 1334774.8151284291
1324 30.1875 75.587499999999977 1334124.0660171509
1325 -15.320833333333326 39.279166666666669 1332159.6673631668
1326 9.1124999999999972 36.679166666666674 1331779.9291079044
1327 -14.429166666666674 34.320833333333326 1328589.9637880325
1328 9.9958333333333371 77.079166666666652 1328194.7315802574
1329 49.412500000000001 0.67083333333332007 1327846.8255141377
1330 12.220833333333331 39.237500000000011 1327446.0365664959
1331 30.045833333333334 -81.67083333333332 1327375.8360202909
1332 -12.579166666666666 15.829166666666652 1326544.9345681667
1333 -2.7375000000000114 32.162499999999994 1325374.0733397007
1334 54.662500000000001 56.004166666666663 1324369.4804389924
1335 27.987499999999997 104.4375 1324014.10572052
1336 44.820833333333326 -0.58750000000000568 1322261.8423840106
1337 38.62916666666667 -77.404166666666669 1321818.3749139011
1338 30.637500000000003 115.79583333333335 1320686.382768631
1339 40.945833333333333 118.2208333333333 1319262.0072637796
1340 31.412500000000001 105.50416666666666 1319211.3489413261
1341 0.12083333333333712 109.26249999999999 1318689.2047729492
1342 24.529166666666669 114.87083333333334 1318213.5472884178
1343 36.537499999999994 -119.5625 1317154.0020445175
1344 15.44583333333334 -91.370833333333337 1316303.07966429
1345 21.979166666666657 69.67083333333332 1315685.5893900394
1346 12.020833333333343 105.42916666666667 1315136.292617321
1347 36.770833333333329 140.34583333333336 1313223.0207796097
1348 27.770833333333329 107.89583333333337 1309520.4151594639
1349 -14.695833333333326 35.429166666666674 1309244.2310819626
1350 34.99583333333333 104.85416666666663 1308858.7807972431
1351 34.07083333333334 109.70416666666665 1307577.9232027531
1352 27.112500000000004 94.470833333333303 1307332.2744851112
1353 26.429166666666667 117.96250000000003 1307071.0996966362
1354 23.670833333333334 86.087499999999977 1306710.1705131531
1355 34.945833333333333 127.9708333333333 1306613.519785881
1356 43.804166666666667 4.3125 1306409.5630665421
1357 -33.94583333333334 25.20416666666668 1305110.5073177814
1358 10.904166666666669 0.11250000000001137 1304862.1863514185
1359 37.054166666666667 54.770833333333314 1304634.559209466
1360 25.462500000000006 87.295833333333348 1302826.4698338509
1361 14.770833333333343 120.33749999999998 1302647.9359016418
1362 36.895833333333329 38.820833333333326 1297728.1233905554
1363 54.87083333333333 73.17083333333332 1297640.5452314168
1364 29.954166666666673 118.35416666666663 1297347.4216513634
1365 18.579166666666666 109.62916666666666 1296599.5624332428
1366 26.304166666666667 113.23750000000001 1295447.6315188408
1367 38.070833333333333 -85.6875 1294194.4952192605
1368 43.229166666666664 46.0625 1293528.6578533649
1369 36.045833333333334 -79.904166666666669 1292356.4299343377
1370 4.6708333333333343 6.2291666666666572 1291345.4729640484
1371 23.3125 88.254166666666663 1290400.9958753586
1372 16.620833333333337 107.36250000000001 1287837.5579204559
1373 37.837499999999999 -121.03749999999999 1287800.3624125682
1374 9.69583333333334 42.954166666666652 1287292.7308688164
1375 37.795833333333327 32.554166666666674 1287076.8906165361
1376 38.387499999999996 117.42916666666667 1285039.9198336601
1377 -1.2874999999999943 30.54583333333332 1284592.9519705772
1378 19.462500000000006 78.245833333333337 1282612.524459362
1379 -7.8708333333333371 110.16250000000002 1281791.3163938522
1380 6.1124999999999972 37.17083333333332 1281715.7204463482
1381 35.179166666666667 -89.779166666666654 1281418.894062683
1382 53.554166666666667 -113.6125 1281336.3322614036
1383 38.270833333333336 -122.4375 1279220.2718561478
1384 16.337499999999991 36.829166666666652 1278893.744931221
1385 10.212499999999991 -64.320833333333326 1278654.862760663
1386 26.404166666666661 127.9375 1278571.7549972534
1387 34.637499999999996 -5.9291666666666742 1275865.0769960284
1388 15.19583333333334 -90.112499999999997 1272859.2530717254
1389 11.237499999999997 26.429166666666674 1272392.5859341621
1390 10.379166666666663 -61.387500000000003 1271878.6526194811
1391 22.195833333333326 71.662500000000023 1270302.8135957718
1392 -13.695833333333326 33.029166666666669 1270171.2040100098
1393 17.087500000000006 75.004166666666663 1269748.6013565063
1394 31.537500000000001 116.04583333333335 1269228.5170176029
1395 22.620833333333337 83.829166666666652 1268053.4273824692
1396 20.420833333333334 110.1875 1265357.2104053497
1397 25.479166666666671 49.520833333333343 1263549.0983479023
1398 15.07083333333334 108.66250000000002 1262176.5298042297
1399 -16.204166666666666 35.387500000000017 1262022.9236316681
1400 51.537499999999994 39.354166666666657 1261682.74619174
1401 35.404166666666661 -97.370833333333323 1259865.6889582425
1402 -10.812499999999986 26.620833333333337 1259107.2662520409
1403 6.1625000000000085 38.962500000000006 1257328.3673329353
1404 21.204166666666666 71.17083333333332 1257222.2294707298
1405 44.645833333333329 8.7458333333333087 1257086.6295683682
1406 10.92916666666666 -4.5458333333333485 1255455.0872960091
1407 11.454166666666666 122.6541666666667 1254634.6012334824
1408 13.145833333333329 44.979166666666657 1254096.0819857121
1409 -4.9374999999999858 -42.987500000000011 1252330.9929720163
1410 29.637499999999996 79.862500000000011 1250694.8867061138
1411 -1.7708333333333286 103.47083333333336 1249126.9842643738
1412 8.2791666666666686 39.695833333333326 1248697.8048219681
1413 38.220833333333339 77.345833333333303 1245537.9321867228
1414 12.44583333333334 76.179166666666674 1242751.5720815659
1415 11.595833333333331 10.729166666666657 1239196.416675806
1416 9.9541666666666657 105.24583333333334 1236596.5817389488
1417 20.145833333333329 74.962500000000006 1234286.770925045
1418 10.845833333333331 39.045833333333348 1232338.7578639984
1419 9.8958333333333286 124.17083333333335 1232173.4903974533
1420 18.895833333333329 -96.420833333333334 1230386.7443977594
1421 -20.379166666666663 57.645833333333314 1230236.2610850334
1422 14.404166666666669 -90.120833333333337 1229466.0214478374
1423 49.929166666666667 21.629166666666663 1228471.2257605195
1424 26.74583333333333 103.24583333333334 1228465.5941638947
1425 38.579166666666666 48.487499999999983 1227130.2426352501
1426 29.49583333333333 109.17083333333335 1226542.5120007992
1427 26.279166666666661 114.92083333333335 1226287.807123661
1428 53.070833333333333 18.40416666666664 1225577.158453241
1429 0.20416666666666572 33.845833333333331 1224489.8072359562
1430 43.670833333333327 121.80416666666667 1224366.0518196821
1431 11.212500000000006 105.61250000000001 1222383.1609888077
1432 45.920833333333334 12.8125 1221228.7673945427
1433 6.5541666666666742 101.44583333333333 1220355.3967700005
1434 33.920833333333334 131.38749999999999 1218921.0712313652
1435 51.545833333333334 46.1875 1216956.4466702342
1436 35.395833333333336 106.94583333333333 1216925.3647091389
1437 24.195833333333326 73.612499999999983 1216891.4734656811
1438 7.5708333333333258 8.2208333333333599 1215995.5418102741
1439 28.237499999999997 102.38750000000005 1214444.9017169476
1440 7.1958333333333258 39.037499999999994 1212160.2750253677
1441 25.720833333333331 71.829166666666652 1211805.1657316685
1442 18.42916666666666 42.412499999999994 1211337.4289858341
1443 44.162500000000001 -79.220833333333346 1208516.3060596623
1444 14.462500000000006 75.129166666666634 1208209.8168830872
1445 -2.6958333333333258 33.770833333333343 1207161.8462531567
1446 26.037500000000001 80.245833333333337 1206963.2162044048
1447 10.5625 10.0625 1206815.3575046062
1448 28.254166666666663 69.795833333333348 1204952.8363687992
1449 32.229166666666664 75.9375 1204874.823734045
1450 14.954166666666666 102.25416666666666 1204251.0044574738
1451 22.129166666666663 73.954166666666652 1203964.8102340698
1452 40.787500000000001 -75.087500000000006 1203144.3039618731
1453 33.145833333333329 74.370833333333337 1202930.0813241005
1454 19.870833333333337 95.920833333333348 1202363.1241049767
1455 16.729166666666671 78.637499999999989 1202077.3513932228
1456 41.529166666666669 -73.92916666666666 1201422.945279479
1457 25.412499999999994 101.57083333333333 1200467.1909999847
1458 56.1875 92.862500000000011 1199682.898172535
1459 29.820833333333333 114.74583333333334 1198660.0628497601
1460 52.429166666666667 1.1708333333333201 1198176.2159167193
1461 20.537500000000009 86.737500000000011 1197572.9157528877
1462 13.379166666666663 102.72083333333336 1197238.5791354179
1463 32.220833333333339 105.9375 1196377.7935693264
1464 34.162500000000001 35.804166666666646 1195225.3771246672
1465 23.270833333333343 104.38749999999999 1194656.9079556465
1466 8.5958333333333314 8.6124999999999829 1193672.2769901752
1467 37.1875 127.80416666666667 1192580.7662830353
1468 24.470833333333331 54.6875 1192165.8774321079
1469 51.770833333333329 11.679166666666674 1191245.8130165935
1470 16.354166666666657 102.9375 1190376.8498668671
1471 6.8958333333333286 0.60416666666665719 1189736.8951051235
1472 37.520833333333336 -77.479166666666671 1189489.4248995781
1473 37.795833333333327 102.62916666666666 1188880.5615981817
1474 37.579166666666666 44.770833333333343 1188681.6204658747
1475 13.504166666666663 33.770833333333343 1187776.7313780785
1476 20.270833333333343 -75.587500000000006 1187075.7818816304
1477 44.787499999999994 33.870833333333337 1186964.2212863564
1478 19.762500000000003 -102.12916666666668 1186577.2486727685
1479 10.887500000000003 104.7208333333333 1186473.458817482
1480 26.75416666666667 82.679166666666674 1185252.3236758709
1481 4.6374999999999886 18.745833333333309 1184358.9589662552
1482 40.454166666666666 116.37083333333334 1183456.9411965609
1483 35.645833333333336 116.12083333333334 1183356.2498047352
1484 45.50416666666667 5.9041666666666686 1180199.3464561105
1485 27.279166666666669 120.01249999999999 1179147.7634310722
1486 43.862500000000004 43.237500000000011 1177802.8124861717
1487 13.745833333333337 79.912499999999966 1176449.0594787598
1488 31.704166666666666 65.495833333333366 1175460.3542003632
1489 57.9375 56.087500000000006 1169926.0807747096
1490 19.104166666666657 75.4375 1169473.0797049999
1491 39.5625 -76.129166666666663 1169415.3246810436
1492 47.520833333333329 126.38749999999999 1169228.077298224
1493 17.912500000000009 79.654166666666697 1168704.3306298256
1494 24.579166666666666 80.162499999999966 1167498.1313307285
1495 21.954166666666666 75.370833333333337 1167408.8924520016
1496 -19.645833333333343 47.195833333333326 1167252.2781605721
1497 -36.887499999999989 -72.737499999999997 1166414.1097738743
1498 21.462499999999991 40.362499999999983 1165042.4563565254
1499 40.137500000000003 123.77083333333337 1163590.5628523827
1500 21.945833333333326 109.91250000000002 1163506.3360624313
1501 44.145833333333336 12.154166666666669 1162466.4064352512
1502 27.195833333333333 109.45416666666665 1162078.1614356041
1503 40.529166666666661 120.12083333333334 1161484.5732723475
1504 7.7958333333333343 125.03750000000002 1160340.9812107086
1505 -3.5374999999999943 102.5625 1158954.0297803879
1506 -6.4541666666666657 21.137499999999989 1158483.1464719772
1507 17.987499999999997 -15.720833333333331 1158171.6359060407
1508 43.970833333333339 81.195833333333326 1157451.0827996731
1509 23.470833333333331 107.87083333333334 1155822.3995251656
1510 -22.67916666666666 -44.137500000000017 1155317.4456150532
1511 24.587499999999991 76.612500000000011 1154457.0471842289
1512 -5.0458333333333343 -80.720833333333331 1151727.7949769497
1513 26.454166666666659 91.837500000000034 1151163.2008392811
1514 11.170833333333334 107.82083333333333 1148182.2534303665
1515 51.487499999999997 9.7458333333333371 1146322.7707901597
1516 14.012500000000003 78.954166666666708 1145856.7096538544
1517 31.8125 104.72916666666669 1145571.7265725136
1518 25.845833333333331 111.01249999999999 1144713.3164200783
1519 -23.079166666666666 30.445833333333354 1144353.2993116379
1520 -8.0124999999999886 -78.887500000000003 1143978.1897745728
1521 29.162500000000001 110.92083333333335 1143532.0931618214
1522 46.129166666666663 127.41250000000002 1142522.3150410652
1523 11.57083333333334 38.604166666666657 1142111.4740126133
1524 16.92916666666666 -96.762500000000003 1141033.9524080157
1525 29.545833333333327 73.662499999999994 1140942.0528361797
1526 17.19583333333334 -99.6875 1139244.0768522024
1527 24.462499999999991 55.904166666666669 1139112.7552087307
1528 36.245833333333337 2.1874999999999716 1139106.8243559003
1529 53.979166666666671 -0.82916666666665151 1138446.6674836129
1530 -2.4291666666666742 115.21249999999998 1138264.6231546402
1531 30.237499999999997 -90.162499999999994 1137710.86867401
1532 16.712500000000006 100.0625 1135838.093208313
1533 13.712499999999991 7.970833333333303 1135305.5140279531
1534 10.454166666666666 13.262499999999989 1135207.0393500328
1535 23.645833333333343 115.78750000000002 1134837.1963620186
1536 23.44583333333334 109.34583333333336 1134120.1373410225
1537 -6.5458333333333343 -79.712499999999991 1133706.7907150388
1538 48.25416666666667 13.95416666666668 1132061.4524805546
1539 13.912499999999994 122.6541666666667 1131703.7060594559
1540 27.179166666666667 107.16250000000002 1131120.5929841995
1541 35.612500000000004 5.7375000000000114 1129903.5330813527
1542 -22.595833333333346 -42.320833333333326 1129811.0360033512
1543 -1.30416666666666 -78.729166666666671 1127961.9849996567
1544 -24.5625 -65.412499999999994 1127919.8476136923
1545 14.029166666666669 107.92083333333335 1127760.654501915
1546 20.470833333333331 96.987500000000011 1126781.0874152184
1547 44.195833333333333 18.412499999999994 1126602.6688577533
1548 26.020833333333336 43.82916666666668 1126329.2404675484
1549 24.629166666666663 79.137499999999989 1125874.156642437
1550 20.44583333333334 73.587500000000006 1125055.8393306732
1551 39.279166666666669 106.66250000000002 1124934.0442348719
1552 -1.5458333333333343 31.512500000000017 1124541.4693109989
1553 40.104166666666664 114.28750000000002 1123836.6911170483
1554 13.404166666666669 32.704166666666652 1122496.6291363239
1555 30.337499999999999 109.59583333333336 1122488.7046751976
1556 22.037499999999994 104.94583333333333 1122455.3916668892
1557 6.0125000000000028 116.34583333333336 1121678.4461812973
1558 19.0625 110.25416666666666 1119574.34121418
1559 18.329166666666666 76.054166666666674 1117905.5260691643
1560 39.795833333333334 67.712500000000006 1117697.9864956141
1561 22.329166666666666 86.920833333333348 1117260.6602501869
1562 51.145833333333336 20.887499999999989 1116743.0275668949
1563 43.362500000000004 44.529166666666669 1114788.0183422565
1564 34.07083333333334 105.48749999999995 1113781.9290101528
1565 -4.9958333333333229 38.729166666666686 1110677.0776538849
1566 7.0291666666666686 6.2958333333333201 1110650.7058874369
1567 21.420833333333334 85.754166666666663 1109787.9016909599
1568 6.82083333333334 -6.0791666666666515 1109200.8771232367
1569 20.82083333333334 78.195833333333326 1108900.6170682907
1570 20.879166666666663 -86.912499999999994 1108556.2300718129
1571 31.712499999999999 107.87083333333334 1107746.6221818924
1572 15.462500000000006 36.512499999999989 1106418.0328228474
