10018 12.004166666666663 53.729166666666671 7185077922.0758648 >=
5009 69.604166666666657 40.929166666666667 4820354752.5563478 >=
2504 95.204166666666652 28.129166666666663 3088678787.1752281 >=
1252 80.270833333333371 23.862499999999997 1575453497.4173241 >=
626 85.604166666666686 24.395833333333329 683409088.9718523 >=
313 87.737500000000011 24.395833333333329 338815508.19351268 >=
156 89.204166666666652 23.595833333333331 123956337.83366871 >=
78 113.73750000000001 22.795833333333334 61806706.093857765 >=
39 77.270833333333314 28.595833333333331 30070684.608906507 >=
19 121.42916666666667 31.220833333333331 19206782.078056335
9 121.4375 31.287500000000001 7872767.8623008728 >=
4 90.404166666666697 23.745833333333337 4068597.3437509537
6 90.404166666666697 23.762500000000003 7406781.2588505745
7 90.412499999999966 23.754166666666663 8975059.682923317
13 121.46249999999998 31.237499999999997 14515250.959198475
16 121.42083333333335 31.287500000000001 15565039.805736065 >=
14 121.44583333333333 31.229166666666671 15430971.330563545
15 121.4375 31.229166666666671 16271247.731689453
29 121.30416666666667 31.262500000000003 23700953.310477734 >=
24 121.46249999999998 31.1875 21996013.303975105
26 121.37083333333334 31.19583333333334 23317369.516859055 >=
25 121.37916666666666 31.212500000000006 22649231.26869297
26 121.37083333333334 31.212500000000006 23382820.662091255
52 139.53749999999997 35.862499999999997 31230879.027425289 >=
39 77.262499999999989 28.604166666666671 30104681.770220995
45 139.60416666666663 35.695833333333333 31196736.01770854 >=
42 77.237500000000011 28.695833333333333 31081815.246933222 >=
40 77.262499999999989 28.637500000000003 30502542.786849737
41 77.270833333333314 28.645833333333336 30900937.444717884
42 77.270833333333314 28.662500000000001 31319247.084516764
60 121.07083333333333 31.329166666666666 38889715.55277729 >=
51 77.379166666666663 28.654166666666669 35558323.268201828
55 113.55416666666667 22.854166666666671 38171530.432723999
57 113.60416666666669 22.929166666666674 38872440.514126301 >=
56 113.64583333333331 22.829166666666666 39816348.435489178
67 113.70416666666671 23.029166666666669 46761796.021752357 >=
61 113.60416666666669 22.795833333333334 46662125.200520039 >=
58 113.62083333333334 22.795833333333334 43163379.265494347
59 113.62083333333334 22.795833333333334 44442754.817439079
60 113.60416666666669 22.787500000000009 45595439.12955904
61 113.5958333333333 22.787500000000009 46665112.648510456
69 113.66249999999997 22.712500000000006 53739519.644866467
73 113.60416666666669 22.895833333333329 54352662.757347107 >=
71 113.60416666666669 22.795833333333334 54397239.892765522 >=
70 113.6541666666667 22.712500000000006 54923262.946745872
113 120.80416666666667 31.862500000000004 62266595.960886955 >=
91 113.67083333333335 23.0625 62341810.527290821 >=
80 113.70416666666671 22.862499999999997 62468313.434593678 >=
75 113.69583333333333 22.737499999999997 59582288.532379627
77 113.75416666666666 22.8125 61141790.07063818
78 113.73750000000001 22.8125 61889693.555073261
79 113.72916666666669 22.8125 62642074.649195671
117 120.53750000000002 31.595833333333331 70747705.617791176 >=
98 113.63750000000005 22.962500000000006 69833466.372288704 >=
88 113.6541666666667 22.854166666666671 67194193.704433918
93 113.66249999999997 22.895833333333329 68661316.884176731
95 113.64583333333331 22.904166666666669 69170219.700761318
96 113.63750000000005 22.912500000000009 69395299.303181648
97 113.6541666666667 22.9375 69628039.017495632
98 113.64583333333331 22.94583333333334 69855834.169643402
127 120.27083333333331 31.329166666666666 77936300.840363026 >=
112 90.320833333333326 23.895833333333329 74329789.054910183
119 120.53750000000002 31.0625 77815500.831049204 >=
115 90.195833333333326 23.645833333333343 76881663.588663578
117 90.270833333333371 23.995833333333337 78170184.137774944 >=
116 90.1875 23.662500000000009 77871264.744709015
136 120.40416666666664 31.329166666666666 85532690.82743001 >=
126 90.137499999999989 23.995833333333337 85515917.176188946 >=
121 90.204166666666708 23.704166666666666 82636602.664213657
123 90.204166666666708 23.720833333333331 84498121.224580765
124 90.229166666666629 23.712500000000006 85384704.956897259
140 84.804166666666674 25.995833333333337 93287616.337900639 >=
132 90.170833333333348 23.745833333333337 92395605.854365826
136 89.870833333333337 24.129166666666663 93259860.808527946 >=
134 90.004166666666663 23.862499999999997 93901746.545520306 >=
133 90.137499999999989 23.804166666666674 93312228.902423382
144 89.47083333333336 24.129166666666663 101305341.15747261 >=
138 89.229166666666629 23.370833333333337 100776693.60938454
141 89.204166666666652 23.462500000000006 103979171.26635122 >=
139 89.229166666666629 23.379166666666677 102205876.98535872
147 89.070833333333326 23.595833333333331 111624551.42411184 >=
143 89.204166666666652 23.44583333333334 107806699.02181768
145 89.204166666666652 23.462500000000006 110307554.16017056 >=
144 89.179166666666674 23.470833333333331 109073541.61919975
150 89.104166666666686 23.595833333333331 116663844.17646694 >=
147 89.137499999999989 23.529166666666669 112898298.3138361
148 89.137499999999989 23.537500000000009 114190905.63672209
149 89.145833333333314 23.545833333333334 115491762.26628304
150 89.145833333333314 23.554166666666674 116755531.9369297
231 116.40416666666664 38.12916666666667 124494441.9839921 >=
190 77.737500000000011 28.795833333333334 124272759.71886921 >=
170 89.204166666666652 24.529166666666669 124889219.11267376 >=
160 88.9375 23.729166666666671 126629104.89752913 >=
155 89.245833333333337 23.537500000000009 122923577.79541636
157 89.070833333333326 23.595833333333331 124877219.81974459 >=
156 89.254166666666663 23.545833333333334 124241910.16375828
234 119.4708333333333 32.262499999999996 133523200.32864904 >=
195 78.004166666666663 28.395833333333329 132195651.57605529 >=
175 89.204166666666652 24.395833333333329 132357027.76313829 >=
165 88.9375 23.729166666666671 132810812.82917643 >=
160 89.304166666666674 23.554166666666674 129368710.00639439
162 89.337500000000034 23.5625 131938756.486063 >=
161 89.295833333333292 23.57083333333334 130627331.84869194
162 89.337500000000034 23.554166666666674 131946712.20350742
237 119.33749999999998 31.99583333333333 140511195.91026831 >=
199 83.870833333333337 26.529166666666661 139735407.94956851 >=
180 89.204166666666652 24.262499999999989 140693199.90296078 >=
171 88.9375 23.862499999999997 140084516.90028095 >=
166 89.379166666666663 23.579166666666666 137498185.62745094
168 89.337500000000034 23.595833333333331 140037085.53977251 >=
167 89.395833333333314 23.579166666666666 139000347.67948818
168 89.420833333333348 23.5625 140463607.37172079
240 77.204166666666652 29.195833333333333 148917994.97440863 >=
204 84.004166666666663 26.395833333333336 150316062.94480395 >=
186 89.337500000000034 24.262499999999989 148207225.66548204 >=
177 89.070833333333326 23.862499999999997 149365068.34032917 >=
172 89.487500000000011 23.545833333333334 146547618.91610765
174 89.204166666666652 23.729166666666671 147661812.093678 >=
173 89.495833333333337 23.554166666666674 147904800.20575285
10105 12.237499999999983 50.920833333333334 7240286030.2217951
15071 -109.59583333333333 77.195833333333326 7757982599.3562078 >=
12588 24.429166666666674 27.5625 7713608201.2250872
13829 39.604166666666657 24.512500000000003 7749368813.1716509
14450 -132.07916666666665 83.629166666666663 7755966403.0094404
14760 -118.07916666666667 78.645833333333329 7757579170.2005033
14915 -113.20416666666667 75.512500000000003 7757982444.2705278
14993 -113.8625 75.0625 7757982599.3609171 >=
14954 -113.32916666666667 75.0625 7757982599.36098 >=
14934 -112.92916666666667 75.195833333333326 7757982599.297946 >=
14924 -112.83750000000001 75.270833333333329 7757982577.7871866
14929 -112.79583333333333 75.1875 7757982598.9049454
14931 -112.79583333333333 75.195833333333326 7757982599.090457 >=
14930 -112.84583333333333 75.1875 7757982599.0917549
14139 37.604166666666657 34.529166666666669 7750617640.7221594 >=
13984 37.604166666666657 31.862500000000004 7750227186.1898308 >=
13906 38.695833333333326 26.220833333333331 7749401566.114727
13945 37.929166666666674 31.379166666666663 7749999809.8702488
13971 37.604166666666657 31.329166666666666 7750272990.682457 >=
13962 37.70416666666668 31.279166666666669 7750219838.4289799
13965 37.67083333333332 31.295833333333334 7750243119.5490627 >=
13963 37.687500000000028 31.279166666666669 7750231387.7363157
13415 35.629166666666663 26.112499999999997 7733909389.6105022
13621 39.737500000000011 28.129166666666663 7743276859.4343719 >=
13552 38.845833333333331 25.404166666666669 7741258867.1769867
13586 39.737500000000011 27.595833333333331 7742948361.9706306 >=
13574 38.67083333333332 25.462500000000006 7742828033.542799 >=
13566 38.67083333333332 25.195833333333326 7742492357.3617525 >=
13561 38.645833333333343 25.087500000000006 7742214890.5762033
13564 38.537499999999994 24.92916666666666 7742468715.3875074 >=
13563 38.612500000000011 25.020833333333329 7742445168.2673626
13564 38.604166666666657 25.004166666666663 7742530472.7277479
13460 35.470833333333331 25.995833333333337 7734801519.7999706 >=
13445 35.262499999999989 25.854166666666671 7734695133.1005983
13450 35.20416666666668 25.862499999999997 7734716527.0674419 >=
13447 35.237499999999983 25.829166666666666 7734721551.4492531 >=
13446 35.262499999999989 25.845833333333331 7734713050.2197227
13001 -45.329166666666652 73.004166666666663 7724475235.3511868
13139 31.762500000000017 26.862500000000004 7725858406.9310942
13231 32.270833333333314 27.595833333333331 7726977887.5592623 >=
13200 32.270833333333314 26.529166666666661 7726982011.5387697 >=
13179 31.97083333333336 26.554166666666667 7726720051.9988165
13193 31.879166666666691 26.3125 7726945949.9882669
13195 31.9375 26.362500000000004 7726951907.0797796 >=
13194 31.862499999999983 26.287500000000001 7726958938.0344315
12794 -32.795833333333348 75.0625 7719833616.7775822 >=
12725 -31.854166666666657 74.254166666666663 7718156718.3109608
12759 -32.529166666666669 74.529166666666669 7719197151.6273336 >=
12747 -32.779166666666669 74.254166666666663 7718981966.4888563
12755 -32.795833333333348 74.395833333333329 7719208349.2167597 >=
